## ABC SMC algorithm
## Number of simulations: 374565
## Acceptance ratio: 0.0013
## Tolerance schedule : [3.03276, 1.98473, 1.31771, 0.860956, 0.542088, 0.353152, 0.224538, 0.156021, 0.1]
parameter1	parameter2	parameter3	distance	weights
0.0889733363910642	0.07629707938174565	0.32021661986084626	0.08598240523431626	0.0019979787005179653
0.09538073697771199	0.4925574951874945	0.2987953995177829	0.10736669381454499	0.0035092671573009483
0.02090197429643796	0.16860695871041004	0.4203590541552413	0.07053386046364346	0.0019151183354249057
0.05330426228488355	0.36715628815808693	0.2947796280622963	0.08171275019167391	0.0019276314485035546
0.2271513693852068	0.204412320689079	0.22385619067526658	0.10372549683150865	0.00286551644560942
0.11336370628304318	0.1531035104844154	0.4215802864448883	0.09178642631849594	0.0017801947936463302
0.03059059584247431	0.1940302284674543	0.3118575615403596	0.07127722217195988	0.0018990613275529184
0.015051697410897444	0.16997368619856892	0.2665860989730255	0.15539703760472864	0.0020098297759618355
0.07548732092652621	0.182146109256117	0.453400403830329	0.09978966357176791	0.0017924415966096444
0.18867192552886425	0.32432551332516835	0.4292522337188255	0.15355685671115005	0.0017923871382201652
0.021777448525601623	0.265799019401415	0.27326658744243204	0.13734998306656546	0.00195028876197373
0.09538362499271694	0.22256365178282872	0.25410517337861194	0.14349961241652995	0.001873111089090308
0.05616933505296526	0.09140051878209936	0.32062754349661104	0.13537982020147915	0.0019887521665819144
0.12604924071247586	0.46903154727977814	0.21277699384619336	0.10865495875334154	0.003229790168343697
0.040603292014442544	0.12994582323754555	0.2203803472155724	0.057735275136728846	0.0021173490027164518
0.11534164447942	0.1555384577031847	0.4569959539680234	0.057491218449623176	0.0017655664048398518
0.16684430861975486	0.388355193206096	0.23428681105012267	0.11621180899068267	0.002082472032299629
0.08802315830363094	0.32810140054959824	0.24852725886077026	0.12366405133281799	0.001890114242603384
0.00377337347620893	0.10547633848606605	0.3039829577630884	0.09595702459419696	0.0020897022037627837
0.15269389469120287	0.10573705687788801	0.5438997683328128	0.13488952420911	0.0023251260232599338
0.18335593836658093	0.30674901165253105	0.38476372260079783	0.11960364826400256	0.001723918046434137
0.13086976222812738	0.0576961505944003	0.235167823294335	0.06249361616479798	0.0021259587749200125
0.05437166254362685	0.2784454416706621	0.361111170936967	0.15133804629266356	0.0018050064345108549
0.09752360877610892	0.3342558335015515	0.25077446748165527	0.12109400230244453	0.0018621238776100222
0.16982501918074674	0.07711515559028428	0.30279466553947415	0.13680190333229408	0.0019506758377175937
0.17300302568142617	0.23749559031819273	0.3118212889372311	0.12255658879435612	0.0017547124092051158
0.06552082513927376	0.17662352882391097	0.30387006009073547	0.10371451249594245	0.0018479842510940845
0.1269771057167933	0.1698233746656419	0.4308642247158854	0.15358619350771727	0.0017471318830335689
0.05891248093097887	0.11607366877118924	0.2445123640719337	0.13473519622906865	0.0020470102903264917
0.07016157052884833	0.17338948301879026	0.27757976396891093	0.06630794992415645	0.0018916655532016538
0.03084223210481271	0.30919750099724025	0.3573667536800036	0.08187129214417709	0.0018522740986070168
0.035993049757394036	0.3226725914610544	0.22118700196489247	0.154509424759862	0.0020173545096985493
0.02648000657413461	0.33327183318215103	0.3976069446230517	0.09800138718913498	0.001856420536433596
0.07776088393322465	0.13408686665369418	0.33163702220099456	0.06048351964774227	0.0018888295955994828
0.030688408084411867	0.3549277387669294	0.26515397309837735	0.05628777701716655	0.0019933691746769695
0.05220406772058053	0.1633493043898943	0.5209960755201308	0.12911412177392192	0.0020648494666804917
0.1293115845650178	0.21947644484406464	0.30043867824942766	0.15016437008773034	0.0017869920602050105
0.01961378516756626	0.1465493306494075	0.393082935471772	0.12906763326326368	0.001946148821174761
0.20343600577546953	0.34397056507991525	0.3997294003414468	0.06904453504750792	0.00203503558701616
0.09228843604994544	0.2050612912872185	0.262799347905476	0.05367351665357401	0.001861704424402456
0.026458479918490374	0.21444845604251153	0.3120438891324909	0.08332092453140912	0.0019122652513964627
0.11835508748980436	0.2668156566058861	0.39371257035582263	0.10364408291708818	0.0017231064859873921
0.03568080897247178	0.3796766641779179	0.561870533636762	0.09295344691244978	0.002904506496393488
0.035222610488528094	0.17972482849569446	0.28932193864997807	0.11590529788421093	0.0019268083844623625
0.040242017791772625	0.16124106779970016	0.20308386170671067	0.15328922043399182	0.002074118427995337
0.05574553877320296	0.3190288826424703	0.32921712241574486	0.0647651675296293	0.0018095132871109782
0.07273830718880986	0.21022801438262526	0.3420872390675142	0.06331567368593782	0.0018283331664360864
0.07996607158873989	0.21791185787232023	0.4915350295960405	0.08836259706729163	0.001854640846935637
0.0275253780440749	0.19096282753719598	0.2654543135057763	0.06501338422770135	0.0019739083233083535
0.07516873515044753	0.24299533965041137	0.6085032095160819	0.11822979815432354	0.003533384502485862
0.08301472639815888	0.14593084987616867	0.4897376611297937	0.15217564146540283	0.0018967846981834673
0.03001264954933329	0.10004779252609597	0.2671672971579465	0.14663161158860377	0.0020682147056806386
0.025615439278779323	0.34895311874166063	0.5128942606684788	0.11321688903459616	0.002060309215894078
0.07338513346890693	0.20932984350281375	0.36240155128754625	0.10392102791516669	0.0018149837862978088
0.04786037167693413	0.2591573883621326	0.4084229609466775	0.15084385080471005	0.0017988742693091757
0.1117393735970788	0.34413855992266407	0.36934919455198384	0.1074099798431653	0.0017691415975036396
0.07512028244232533	0.21098612531610672	0.2664659431845975	0.15429344410911405	0.001883019540011151
0.006699014519806437	0.1316677374134157	0.4329310860860777	0.13701020675589162	0.0020074968384071437
0.07583742566648968	0.2698868584006923	0.5044443681305157	0.06005837514721406	0.0019031630335038716
0.020486727438991492	0.23039872232113195	0.5010660534099565	0.05037698582616839	0.00203336493027039
0.0366081261015731	0.1824860591143862	0.5602560764179461	0.1289754468865811	0.0027084474602549237
0.044850872352046336	0.12208006722830755	0.29684981820637174	0.14280113331976624	0.001964840295914044
0.042595399451589466	0.24336883150857935	0.4194216488066117	0.14421844314668664	0.0018214677500037234
0.06476618637860154	0.26724209793004927	0.3742472942158401	0.05286829663419292	0.001788883250870675
0.01891816994912479	0.33853549253034976	0.2724377266887784	0.1411355636640859	0.0019590164941595805
0.12956763337663255	0.1564128333887941	0.3556599631475389	0.15600259134815708	0.0017889136590375945
0.16514634617535692	0.27108573573842987	0.38612635226880054	0.09174127413587792	0.00171446340499705
0.021596710267709873	0.3544322662911753	0.3083938570931974	0.10886901643512553	0.0019541893840165367
0.07263785722103064	0.22099611507445124	0.37366365480382663	0.12193699416776867	0.0018149837862978088
0.00893165943402724	0.1781293787391365	0.4258656881169022	0.07618157645612067	0.00193620690117815
0.040518947947643075	0.18981165970758743	0.3710597532096959	0.08458512229365031	0.0018477806297069305
0.02699585049414438	0.18441983853323174	0.3325184641742765	0.12145059972936934	0.0019201572168265843
0.04372853303553079	0.16235738254365348	0.2154924897763867	0.08001189679314538	0.0020445429084328362
0.1611188260592987	0.19493142170934452	0.6087389508592373	0.10411065813047819	0.0034362900758803886
0.04246911160382949	0.07427586485021107	0.428847117041012	0.07434931016201458	0.0020039804659555123
0.05882593396710008	0.1493175098137709	0.4350113484946873	0.14407544362698524	0.001844653568924042
0.05433746348463811	0.4170420739538131	0.2938344694624495	0.11549005618003619	0.0022548869099802502
0.08390169458392838	0.13907768411120613	0.23894195668733936	0.15140039177284645	0.001992814011315429
0.1491055069161876	0.1530059587950084	0.37947633782921153	0.1466993311168576	0.0017889136590375945
0.05399332132764434	0.20467377956397428	0.3842813273868424	0.11914387786422537	0.0018182049686082046
0.11628684194334965	0.1529921249082353	0.21585362919227405	0.14620844530170862	0.0019803292355171777
0.0894365052146554	0.05615980915391067	0.2928396998198325	0.12035421034104565	0.0020968135185244485
0.006843239878162377	0.21719412755054987	0.32679007276663774	0.09403731208602575	0.00196389069954578
0.02185121542274665	0.3120901944634502	0.2998921065075712	0.08414814696212788	0.0019046072939168264
0.022844166428509727	0.07529998732274948	0.33286993131318043	0.1471515618523982	0.0021012840354904263
0.07437605544265384	0.2101122712293882	0.47847342323881165	0.14353350367023313	0.0017816203578400298
0.14480450304538345	0.24078923907798935	0.40892176545428943	0.12817170621358231	0.0017306955526619143
0.037722177144287106	0.17469469275849434	0.44798836351020493	0.06389633765516858	0.0018495597325632036
0.022193689240676218	0.14828895141137732	0.4601561985964113	0.12726632275099437	0.0019340528503065048
0.11257875674841969	0.07156330170105697	0.3388132829373939	0.07292271088586935	0.0019520134333117234
0.02802488060522477	0.291162496321484	0.25854559488777673	0.12135915019026135	0.0019630938216554502
0.12794671714044947	0.2813535843872619	0.23352338532679395	0.15577306778212577	0.0018776347225329972
0.08296345102194361	0.321103915007628	0.4812632278704142	0.11027648351657994	0.0017444852124977577
0.06142074075121251	0.34615350644916487	0.3442743917201972	0.08001654831147417	0.0018317186070471515
0.07872566162249545	0.0780884349005054	0.24846118188629887	0.14429576336091846	0.0021133357667377796
0.020060581077465417	0.4118165610107525	0.2888743620114673	0.14360010330944878	0.0023335914478138996
0.025618703882014898	0.3896290240397937	0.2981932251915298	0.14498682918480782	0.0021071442227870263
0.044169016719640186	0.30421834680430987	0.49481265056886786	0.1106807419837398	0.0018674985800044442
0.18831880792418987	0.2639640557178859	0.24494945541804927	0.13529058874057892	0.0019588940616871928
0.10656228734142087	0.11196170561749076	0.24102073842347588	0.054450645958037135	0.0019836029478446046
0.04272442495430054	0.2799711813632737	0.20840974035621196	0.05287565990216363	0.0020317734841326916
0.07089933797081288	0.331115425581747	0.39796131901875414	0.12170099797931146	0.0017706171023798448
0.0541154813885216	0.18985332031074564	0.2519847320971913	0.1500602376328016	0.0019314831407633265
0.1829095441494172	0.24112700338794538	0.3427698259061892	0.1393532683201366	0.0017576476387812156
0.010827162530395923	0.09139432974402825	0.4216788995916368	0.14336116658889508	0.0020565400101925204
0.056965803317375524	0.14339198002187978	0.277987926638437	0.10541104562619504	0.0019467898245421368
0.15948046936073457	0.2720175615339183	0.3178763481552325	0.10075347309654653	0.0017471909765489266
0.15560285864658052	0.21915863442641612	0.49444154966329135	0.10168083477212125	0.0018078425989976406
0.014034995026804324	0.26495657533038136	0.3282110055956977	0.10336226881686993	0.0019128331924604786
0.004091720620573502	0.17406933773225314	0.41708141014973776	0.1385575170416796	0.0019624978076556447
0.09256167998053322	0.3741694454313264	0.43137119905477267	0.06967407154062696	0.0018649463752032633
0.07944095915230406	0.248908061195067	0.22443929121496975	0.14323174152488757	0.001978609169109066
0.06400555536536215	0.2709249897180463	0.40299941303556636	0.12871531787116972	0.001770941248537781
0.08714956563243609	0.44351232461425816	0.2893472079092127	0.11317638465877067	0.0025981039745227924
0.08614225449574946	0.13688614942616922	0.5106760635974705	0.07861050451617464	0.002024592704529171
0.132763334068018	0.0986366487770336	0.4659045780859625	0.05314300368583452	0.0018352774741464586
0.007686635600625456	0.15175536935598005	0.24315490082362173	0.10597120722326317	0.0021136373936296534
0.03159798028563815	0.08889473199300438	0.387323067212174	0.14202808836498293	0.002008050798828868
0.07488123338129313	0.07271113906103886	0.2205548493952718	0.12793341469516786	0.002207610414866838
0.02225670094918239	0.20391008944461633	0.6288308848026868	0.1039667186312982	0.0044507593207539255
0.0714311504453208	0.2003404560210104	0.21306626721919794	0.060254882176996614	0.002012155793838895
0.07967283387802879	0.34878518427025	0.2501790445624029	0.1462235444763551	0.0019222888301050549
0.033653754004272146	0.14052889419458786	0.20692323371680388	0.1502566558528016	0.002148452132147368
0.08390102342764458	0.22598607379954608	0.2684043751314924	0.14784379068246634	0.001883019540011151
0.19296426383194124	0.2981711060477956	0.2549685693066284	0.14401691400505431	0.0019881962219456227
0.012268131684279523	0.13184228775718032	0.3675254473971899	0.149519175828824	0.0019944742265868777
0.02911755350924622	0.16827017145158024	0.23279310426148236	0.1117439287464476	0.002059684170633758
0.020434130215445587	0.08567884186876683	0.2379720855305994	0.08516823112814251	0.002203522118459142
0.061604925020057516	0.2556294888641054	0.2804019278137673	0.08582820783351036	0.0018628852300002152
0.042647328818652075	0.15048632281596816	0.31662242055422474	0.10832162201194374	0.0019022466349992969
0.1908676363297659	0.17065678934172254	0.3473922680998079	0.15059528826397328	0.0018954421397531385
0.1164827278453609	0.1332214196783291	0.3149615724022327	0.1373675117421113	0.0018479044656674144
0.0495021973328902	0.1642241005364398	0.3232797810550489	0.15504838584105793	0.0018722806361118893
0.11832006582401841	0.2295245775768903	0.29561152955222336	0.08413392041824345	0.0018035155162950411
0.09021720105693709	0.167586075780979	0.24933541066433412	0.1540513184166601	0.00191857738686536
0.0805117378290388	0.12100030072490676	0.2553284503017072	0.05694373597339706	0.0019937058399101064
0.11753140220184921	0.07568732719025625	0.41463342361405003	0.15579452911016622	0.0019266420692942193
0.10959521582162864	0.12984302483454419	0.4501073582956324	0.15142812285829804	0.0018112061306899219
0.03618067904047477	0.1711770892783197	0.36493429277756995	0.15116782329246398	0.0018839432115573397
0.031886661396336	0.09315724341233811	0.4897357814759466	0.151200197731148	0.0020379350934311615
0.05800827452913257	0.13222688474972744	0.5870708190768764	0.07723687863704842	0.0032587515529251486
0.003954672270591958	0.18005977488283198	0.22304187039990891	0.10572480059354925	0.0021709947017752185
0.06226127012216687	0.2742727489615079	0.2581561737698279	0.10336411840093469	0.0018948697561297183
0.057243924290789255	0.12959085671446322	0.4253109718926866	0.06820316278645039	0.0018908664252544711
0.2663484767348788	0.1202381000799092	0.4447032062025619	0.10363162146072152	0.004033191405386377
0.10411778692544485	0.28829096348349637	0.3498835441200239	0.15435248243071117	0.0017597942794350724
0.07421608680133907	0.23676262027368333	0.5372854736463567	0.1091060993035608	0.00218083873250599
0.0839218827549835	0.20059293412837056	0.3877025608964497	0.10347614918072542	0.0017965171045967133
0.13521021462943056	0.4640279358203003	0.31546330685492147	0.10348496728398357	0.0028550474106449585
0.2387058596998092	0.18270875377081405	0.2121180960978386	0.15177819325951905	0.0032657064404988776
0.13865937437742884	0.17906340755386824	0.3787308968362903	0.12805821821731098	0.001766216701261739
0.09743283322815738	0.11648176264498421	0.38188363081024956	0.1502183969516885	0.0018755386760395377
0.07011464533515385	0.2243413719008065	0.32732577505130256	0.06258805995607696	0.0018324851640189965
0.05540360203519881	0.2459342231078772	0.3480372335003058	0.12771358964497176	0.0018182884913193354
0.13620416577047958	0.19028124731648333	0.319935316642352	0.05949082603407287	0.0017773903037066228
0.1360652223410872	0.12751492355237837	0.3335470359879829	0.15491556288228173	0.0018429069156613216
0.0030374109676997163	0.3132172097323438	0.4598926761279941	0.1301238516399913	0.0019062612859852602
0.20398818524925888	0.2901078405244049	0.5561044747536068	0.15272757016923694	0.002689083679328354
0.01383100882765155	0.252404997872051	0.4128285761584149	0.1057872333213231	0.0018810757547991234
0.16211615935916449	0.15134285834233235	0.41078398658643345	0.08323567996833055	0.001775206565356856
0.06649199266792805	0.16170540345426998	0.3758414488462812	0.08500368026113525	0.0018362601829513077
0.0012407247637275381	0.14964712817913228	0.21844589688962673	0.10846711876105686	0.002210058541298466
0.02826254246532346	0.3040869343895293	0.22194162078376573	0.10340499071329678	0.002064893141422784
0.0625723724894942	0.28221981923359907	0.41826820748352944	0.14467960975915192	0.0017814544621878477
0.042682207583803894	0.31135946675835124	0.39153385043124733	0.13945174682771527	0.001803497090323331
0.15163417498432144	0.12467334845552827	0.37023811504774545	0.10909432577933245	0.0018336876388298019
0.12236785098159031	0.2940189377035603	0.4702297685172923	0.12684928192717368	0.0017008912230990591
0.10178257653872452	0.180699999488247	0.4605015867857947	0.076681930372689	0.0017591283669347374
0.12374129745455545	0.2720354319986047	0.264327483659639	0.1514742981774269	0.0018088506529430203
0.08645059966835836	0.22437977038217458	0.26909771446427155	0.055384472401258024	0.001883019540011151
0.016584481819686567	0.3027696135358342	0.2133631137638404	0.10561352727732991	0.0021052263110912027
0.23953533772522037	0.2914801163335773	0.5025340642156421	0.05286945883424473	0.003023869403942472
0.10084413313096935	0.15481805189350212	0.27404971047122495	0.11648136674334028	0.0018823119376812694
0.022649994161023507	0.12338743299977378	0.20809361039864957	0.09342252627777092	0.002227486549519722
0.013146980401684327	0.37679442824896053	0.2249869931369802	0.11602913817827565	0.0022614623781536023
0.04414306437151794	0.2358160706107044	0.24123905637000875	0.14353672853001787	0.0019570009892797614
0.24240320547201727	0.14175100087314207	0.4314258642357575	0.05303622644705262	0.0031173219503633116
0.0436952151902294	0.36719317482702374	0.41165695781346245	0.1403230547716562	0.0018942898164755336
0.06627826819797092	0.311097386216131	0.384944956029191	0.09335191902997571	0.001770941248537781
0.026538872908098338	0.2708208113021881	0.2974505570794537	0.052891370305575225	0.0018959620643713387
0.06842620348995301	0.16262901200963004	0.5159358002422632	0.11362593899763565	0.0020204973518941024
0.09467998604321196	0.3628577580319642	0.2660204293619424	0.13346044785754743	0.0019162293052798036
0.09498277283440348	0.3328175415185261	0.28631321252327296	0.07426862273291095	0.001811526632000931
0.08466629278292488	0.13406090423382766	0.3194297041270882	0.1543909714526087	0.0018981440737786484
0.053856878618005075	0.2684468979665277	0.3675426925439096	0.14813182595594623	0.0018050064345108549
0.0847844673800145	0.41388659241206627	0.2674334598095582	0.12801656084084767	0.002273289889905583
0.1527019436875638	0.21815525450022602	0.34780727255484356	0.15478161247485134	0.0017598022495423553
0.06313181290527431	0.18030108211980148	0.4323251940417647	0.13360862167581328	0.0018116772587535598
0.15907729161470052	0.19657421585390467	0.2293137064592647	0.11807421762418589	0.0019173143943330359
0.053320171686493695	0.36195777908943905	0.4920785320523623	0.10705411763609644	0.0019244688536497116
0.029024566086673753	0.10851305659522051	0.30921929619287714	0.12133902639925467	0.002008620462837234
0.02705531109249093	0.15983571368575483	0.23736542235006705	0.10528257607653048	0.0020455162385649575
0.18348012580624887	0.26191244358319443	0.2461406283158883	0.1412257496998628	0.0018572843628277972
0.03723015210904326	0.19746867928892312	0.5230739901325338	0.1392880085759805	0.002100176441125705
0.0991834122187587	0.28487609713037754	0.39226191975368774	0.15144550488544717	0.0017384151594402718
0.13951079611974818	0.2567563796920247	0.2246901276532596	0.10362915174572748	0.0019068234931039335
0.14211733713626734	0.37414061315149144	0.2196925850902148	0.08987897119102686	0.0020584413906428955
0.015819411281242937	0.23264049372533252	0.2785840754985728	0.15234663652301542	0.0019759460665178083
0.051930541262464686	0.14389764068704056	0.47936198993572665	0.08389547577805569	0.001847104669201055
0.09084893669640756	0.1420833807228162	0.4148738097341398	0.12065401580101623	0.0018250203681576054
0.10903518700841641	0.1422416262343692	0.29394618739110345	0.10637116889575408	0.0018570454594148257
0.057423260091487405	0.23424095252786714	0.2444035644426882	0.13529988192600786	0.0019464457897468786
0.03657023961904973	0.36293351318537104	0.21535529725101077	0.12331949308179291	0.0021326010077201544
0.0012597423849956824	0.3335234399414612	0.4040855311063872	0.14109331676042497	0.0019179492775557498
0.020219270524669666	0.406648377265076	0.2589293408391795	0.1493415250039057	0.002345990105473716
0.15891747010292087	0.12092720323955153	0.32128234244481974	0.15110226873500315	0.0018558704108059237
0.2118531029256121	0.13472715295314558	0.4075439578925514	0.1201280780444284	0.002264578326301732
0.11529480082534208	0.16527388999346554	0.5976443229066392	0.05818106349298877	0.003158207310855945
0.037376546298232505	0.2046259256464284	0.346888503150107	0.08063594717990437	0.0018712324702701952
0.11494643810400576	0.23925592070356655	0.3978642019007336	0.15149663024356214	0.001747309905313994
0.09887545845114329	0.1483525133339864	0.22714677440227177	0.055472644813851925	0.0019973437593910808
0.09381093798604945	0.10503809374788067	0.25093775201556745	0.05658540496630254	0.0019913402351653883
0.07939287195285544	0.1762665189129557	0.32661656049911436	0.13059012203954548	0.0018439350957421834
0.11400979336363523	0.16109051299295235	0.3095981361967996	0.12738744981610114	0.0018056719063429022
0.0627673610689165	0.13471092096668041	0.3848576256203162	0.09284766371103402	0.0018731336062479786
0.05761624489763503	0.2713440547643875	0.30198291841348524	0.10554147979731311	0.0018303610081173293
0.13422150134764166	0.28045002199787317	0.44301533482442695	0.12712554453620445	0.0017008912230990591
0.02033532878655067	0.2803036747955476	0.2398173245755883	0.11866713523465271	0.0020218338551615802
0.02725130000521439	0.30615678690917814	0.2428343655512996	0.10466597007258835	0.0019985688001738404
0.01728058795738828	0.11474929669473144	0.2140399420194153	0.14352522795895287	0.0022346168022977946
0.03183492210285788	0.06693798510025518	0.3622050207701954	0.078030821927879	0.002061705213860256
0.02837959854557598	0.14980124744448836	0.4385363331846475	0.08629960134618511	0.0019165499796125788
0.08827352031561808	0.27641683691042246	0.3132713538710403	0.1554268722728796	0.0017992991352646576
0.08523320125962486	0.3068079079019263	0.20358035014363643	0.1427748728946808	0.00200366608033746
0.20496613695171964	0.21518540286599164	0.49114675053199447	0.15136379924798724	0.002084159517750883
0.01969444005778903	0.14732312440859724	0.3292384091011935	0.12639706219740168	0.001980161331931353
0.027728029113073385	0.3580370027574356	0.2586503493941571	0.071199538587136	0.0020305385945957287
0.17600399178310108	0.2469753867299447	0.24942868536478144	0.08063488340310819	0.0018290343871627955
0.028622330768247994	0.09779379118517173	0.29300030342013395	0.10623384118915506	0.0020508076394342204
0.18815673583713804	0.39335145480997913	0.2341387913805742	0.10586572769362176	0.0022668177070193805
0.1307755405279383	0.28235204151959337	0.4505343353516498	0.13592945717803875	0.0017008912230990591
0.12265460417055982	0.19098956051777655	0.2761673621612777	0.12760578358089533	0.0018242046227031792
0.08012016822436718	0.21667342316494004	0.2513086770732642	0.05384043623521974	0.0019068832034263405
0.1704021889770758	0.09671582634509839	0.21978937901983236	0.13911332682810676	0.0020605733040572425
0.12663819506126844	0.20969536665619917	0.31292066463481916	0.10865724773813534	0.0017720806111545387
0.015531301870017722	0.32940630355646383	0.378073832222586	0.155648007990562	0.0018805054417687479
0.06941758231500236	0.15931628739895115	0.23291022439917916	0.1525701009840714	0.0019767564321188195
0.09703573402690774	0.22989114919317963	0.2612439388339879	0.11155360591488263	0.0018653940767538657
0.08647895949846876	0.2297637203599412	0.4167518635320968	0.15034561908167177	0.0017965171045967133
0.05774025323733996	0.1552925403931787	0.30872059196084406	0.15327485099118146	0.0018905258660142441
0.13294329087680898	0.1610500044349188	0.5150915382432047	0.13758501723034686	0.0019359460063483205
0.09433351303807697	0.19696245395234613	0.28386053307241466	0.12214813905008734	0.0018344735882240882
0.04966350641223383	0.25315690678009256	0.35420569899870985	0.15200318821952538	0.001814834243617873
0.1194618938459017	0.10730263048730856	0.22082368518999923	0.10391299529683896	0.0020355749531317242
0.04187830045666846	0.31969834980108747	0.37989888313955117	0.15582604545210507	0.001802462112057946
0.11049444233741643	0.15304695390837922	0.21984773953971248	0.1505352720612606	0.001975831739200138
0.09636402138090311	0.3361280202932435	0.20586577217469346	0.13037576830290476	0.0019704842892651875
0.02557119514555517	0.12317922529898276	0.23604707522312066	0.14216596940003975	0.002126520726351127
0.052631904897076726	0.24285540455246815	0.2636450320018281	0.06077235872378215	0.0019048236718078072
0.2008881946397527	0.16944339692252447	0.46456724772578245	0.054015383552141936	0.0019672300035613226
0.14761840947606336	0.3328583948813615	0.27362880996819294	0.05307582697737744	0.001804381171643259
0.16516452668745246	0.19671428442494832	0.3377743054492156	0.06913138195977392	0.0017681975382660305
0.1811732263794775	0.142773097541542	0.3734940765533211	0.1548814093787286	0.0017845937409164412
0.06767720062271043	0.1933659365879812	0.2716002652265768	0.15307979914737033	0.0018741855412270476
0.07750134587485236	0.20193678760810768	0.3506284447313194	0.053264594909596986	0.0018193585762456264
0.037594856473704835	0.13021974826008287	0.3246279197327845	0.112838536805626	0.0019638926105310594
0.14984211728052144	0.1233961699311418	0.5164749961806802	0.06478769413779983	0.002030938132935962
0.17060273323822556	0.08477283142564238	0.32818503503246343	0.05967038700068301	0.0019196497630671674
0.02985399517322801	0.15557001988960636	0.38145999968651784	0.1033781687195356	0.0019229690256898327
0.08341072242897249	0.14468568421771485	0.5121878333914569	0.12568910233382227	0.002024210210268795
0.009409162021671219	0.10664048410980148	0.4245955699143459	0.10555433627148156	0.002024053356854799
0.06848928946075875	0.3483133452256002	0.33144016659819936	0.14560626293094905	0.0018338130739294703
0.13985674780170942	0.23514025511507336	0.23894947505174874	0.10428608363193882	0.0018766078467938037
0.10995576645391329	0.24867790641970158	0.39403947155571584	0.1259422496209317	0.0017312266419333912
0.01213309485556402	0.10310526925971386	0.3449305238751106	0.13586425889602527	0.00203525026536487
0.060564823540337445	0.24384812898094316	0.2425482442225449	0.06173303938309776	0.0019443066408132137
0.04349051199252432	0.2835444225903759	0.48612719952678324	0.09723405676729469	0.0018199029389290786
0.11210055323959925	0.2050005975355893	0.39763361242236495	0.05758390060070117	0.001747309905313994
0.022635431186255467	0.2890054013959934	0.39446874126257986	0.05876114281816331	0.0018646947046799315
0.14058543934971404	0.32463678459680756	0.2780767027493636	0.06259030083644815	0.0017922653831490836
0.09719366662844686	0.13108188652359315	0.33850742963358826	0.13270763026775215	0.001870610915401948
0.05974577408662332	0.1900752647540742	0.41114586395606406	0.13001249353119926	0.0018128605032882233
0.09262626103537597	0.41084843739658056	0.35590492669768836	0.10384744982411478	0.0021354246390290965
0.10258340896850546	0.14460563557953815	0.3345068288198714	0.10961677655531964	0.001842958761092968
0.04636834775968428	0.2717702945350696	0.41018874183991755	0.1339607963114542	0.0017988742693091757
0.060104096798471396	0.1908260552069023	0.4534590560664448	0.11423176998758577	0.0017976926284424708
0.12850896634779818	0.17676402761671844	0.4909087356668347	0.11253214174820848	0.0017942805701992156
0.037471710239734335	0.2217606543952469	0.5280360651460347	0.13271392851158545	0.0021668290904305124
0.018373704445671907	0.4942742203610366	0.42801794108565216	0.13281291457663713	0.003747327013051854
0.09829555137581975	0.3093772023020862	0.3576369626882831	0.0991566581303108	0.0017557009321267638
0.10076823792542919	0.44453733061452994	0.2525695234295615	0.11260233727036717	0.0026739835240808868
0.09194523937213639	0.1590377033330104	0.5167577329541954	0.13225829109371334	0.0019979593927611557
0.12545781085888152	0.12554723442511975	0.20617019800641556	0.15020452806830578	0.0020408655037786644
0.0035024445806577653	0.3206236195087679	0.21647032110144337	0.06966896176850215	0.002118239700899633
0.03080518131916149	0.14015461610576918	0.4691155752947956	0.07347339650835229	0.0019030091890026404
0.08400524301047689	0.0967324219374255	0.2637925845949598	0.10371145129903266	0.002011594928628111
0.2064849314920093	0.10915356627225302	0.24926454299774978	0.15550979706994708	0.002362640438767764
0.1636358863248427	0.20261807325802142	0.3676838736273075	0.12068949305315241	0.0017557088651995497
0.15746094629609975	0.10961666849779675	0.30245476217891704	0.1554531844384024	0.0018787295088788364
0.1843122254876417	0.2146294073976635	0.2669526764722068	0.15465587532104913	0.001832367612352413
0.035841577594634855	0.17289697664458836	0.4546997992189491	0.07750665681005704	0.0018552200238620984
0.04397254311154625	0.20878843466009528	0.2710821667864594	0.14469234787854593	0.0018979059931266621
0.06844724357218396	0.2233452961361007	0.2040101110273702	0.1333309454976479	0.0020258717762262866
0.05594881652089248	0.3942883255351737	0.39202713235893866	0.11820287223150706	0.0020015839417946205
0.0375204904353216	0.2454744466424077	0.27967471252508036	0.05320918331998147	0.0019150670175131412
0.1009670831518081	0.06065702434259505	0.3364834358071828	0.12505152542914255	0.0020032016851988027
0.03963971776436771	0.1622152797690019	0.4017008831886478	0.12545589463600224	0.0018466913550809513
0.0538741736376131	0.20609443558894266	0.2781350570966129	0.08771914764799206	0.0018918906525940715
0.17014472097022376	0.15111867547874358	0.37248261886416256	0.05775208257571438	0.0017932355384235178
0.0750332447343211	0.30983052155208024	0.3151200891003362	0.11825241818707852	0.0018058825304132352
0.05322112832855602	0.15754156460212715	0.3446404254679834	0.06773453585100317	0.00186264026329683
0.04516123800768816	0.3207201702699928	0.25656480107445084	0.12990605564666619	0.0018929112567840948
0.05141529901098263	0.1730893624524189	0.26451157222643246	0.15026125767840262	0.0019188768803764906
0.16362925275737256	0.182233617683128	0.3868356197948353	0.14192025516504977	0.001748724273747004
0.02451732265227005	0.2776996927140085	0.23538569910099227	0.12727062828623606	0.0020218703310058758
0.19294217954513795	0.3442532389826742	0.3050288915764707	0.1506260463560027	0.0019330705488235526
0.00563446630984785	0.3360055881095299	0.2370033055829008	0.14539284678885556	0.0020644326100858422
0.10436551148741295	0.29840299215062344	0.29228727627967793	0.10499571784572273	0.0018009093414180811
0.03318775419094383	0.34422156403837845	0.30658244324011974	0.09863190544236437	0.001890965911192543
0.0457776671167327	0.3175874442862455	0.23954735247844672	0.1284802587060796	0.0019258334188000969
0.005816296166378803	0.2705471853810302	0.5606757716397	0.1138351935481364	0.002804214423920047
0.014647136632929103	0.0651090313224517	0.2629010798268891	0.09110612569688259	0.0022148532318228033
0.06779688525000076	0.2802673440606918	0.2002874173689831	0.12000189800632344	0.002019124652089378
0.08823638420322455	0.12327216640045932	0.3087994579567766	0.0980830835294473	0.0019191385606513508
0.026646369193868008	0.4110668502314533	0.2655905506890247	0.09560208432121312	0.002359448280354577
0.08469935773116828	0.36986598222547507	0.32615534009492414	0.11575253411698154	0.0019147066589701544
0.12859416034075621	0.12569925622619824	0.3643217187164537	0.06108896295326874	0.0018293446592947613
0.15513726229171243	0.37866962320690933	0.2274717803196889	0.15234033088088936	0.0020751793188626415
0.12058375146833478	0.10549859141312876	0.29157905088903097	0.05335624660537172	0.0019109176286585376
0.050390564972398216	0.12094281364406925	0.2866851404991576	0.07696840876273228	0.001981372366942733
0.03461802984510824	0.21230257256715865	0.39860758907828026	0.12217828651899511	0.0018589196976987665
0.041553664113563704	0.1502667283329245	0.22884296400213575	0.07984726302138911	0.0020591398797614206
0.06437847706082334	0.28959644312608246	0.5303980646707078	0.10674032416532508	0.0020984555707897826
0.07984423938413476	0.44546719754322617	0.2849341568295332	0.15127433189880016	0.0026694989338250865
0.09765159087632092	0.29673035563423233	0.399672621693225	0.1485041025459317	0.0017384151594402718
0.025915402755593273	0.2211362100593409	0.37590847647033543	0.10658993622006735	0.0018932147229317811
0.1789043387790773	0.23452663464522966	0.49565948686936406	0.14009101097100177	0.0017897698901482642
0.036847894391021235	0.1881764938321525	0.39371345919718437	0.1300244230594266	0.0018659944212093675
0.055110952792517376	0.2740351053296499	0.2896770146985579	0.08599117565336455	0.0018449735308987208
0.22048050588246731	0.4312719595782571	0.21828538791821003	0.10697872706658114	0.0037299690703341735
0.13123898831168912	0.09584059878523889	0.2602212748678379	0.11338758781638665	0.0019652748566251917
0.16797792051647434	0.32956439275482424	0.4805630247169604	0.11999790768292827	0.0017035820097209213
0.08098070666914545	0.2218061937216317	0.31671646705406997	0.05526193791698926	0.0018324851640189965
0.0754480337958541	0.3962927097556146	0.3574649234939974	0.14678688754620867	0.0020261834146550264
0.05667871114971848	0.10071239544179547	0.2650091064640378	0.12222670256107801	0.0020179252999164136
0.18508147990081705	0.23013663586521133	0.46383515787023283	0.13347844165807193	0.0017518699241853208
0.19557392686260247	0.16930202409368095	0.3377786371822376	0.1357992811830435	0.0019720918371520764
0.034926835771282194	0.21537826412016153	0.5299717532459215	0.07201331243193376	0.0021895733405694127
0.10096418862473268	0.07990118562416898	0.4227747632072568	0.15012801496819372	0.0019370776595697009
0.17546384977490576	0.4877134042840733	0.40074802182279795	0.15006640915629355	0.003236309990066123
0.023921022536594186	0.136432343009199	0.2227043281626936	0.05295003468900283	0.0021510576223958086
0.013993842457690892	0.19952016702571057	0.22882893461284345	0.12744685075850548	0.0021131025153981672
0.2577796140783438	0.08350046705254496	0.4832198490869516	0.11985429873500267	0.0038825815414988175
0.08265976933057409	0.18028096740138935	0.20460333198305	0.07711333712297506	0.0020398751389529395
0.0853987178326941	0.318514108118364	0.4767527413544538	0.08741825439592045	0.0017445676734592097
0.17971319981675155	0.11356446237397294	0.29376977910758234	0.15008516965768412	0.0018608193102103096
0.06052641659117408	0.3765530675152714	0.39516763879697586	0.14328331380485776	0.001918126742126645
0.015350991698884736	0.2547100494211441	0.4861474768678451	0.10397970765091026	0.0018946950296354812
0.12768353084011944	0.22268727824316675	0.30253908005409	0.13190919403051582	0.0017796882052041032
0.10849658324560135	0.23549941775704855	0.31174324420860666	0.06003692527479374	0.0017813159466212103
0.023617091767427517	0.15857350301441486	0.3159313765465728	0.10358406718016044	0.0019447507094846907
0.028870786246941227	0.2285665035083701	0.39859929718316794	0.08434624189101125	0.0018720804333289011
0.012549029191125681	0.25196351715426	0.26680725397094934	0.10338471460231198	0.001977960378922225
0.05963724893062042	0.2559681361155229	0.27093079437429746	0.1473077382907829	0.0018717840542027166
0.07205316612958551	0.06109443049541424	0.21258427320456227	0.15312896668685716	0.002246009810253694
0.14934851379891304	0.2817240896967464	0.22535758911992618	0.0777051080522487	0.0019068234931039335
0.03685932904230346	0.16548290740618588	0.3367910612595066	0.06733538401587427	0.001898330289547839
0.06797454267524883	0.0745084742018299	0.27025333372276883	0.1352096308752302	0.0020692703117301814
0.07696228950399459	0.23276575594196308	0.40006076602745444	0.08710728671258708	0.0017965171045967133
0.015844476883467573	0.15790413392107647	0.39052916270400795	0.13811312471233475	0.0019246608129590463
0.1747760081708968	0.14039569810210292	0.28398318849594817	0.09509721301377264	0.0018432663516584123
0.11369331475925314	0.1774236981756142	0.31197664258591246	0.06823103494461846	0.0017921334766034572
0.024373735325163556	0.15538125638713135	0.21688357425241248	0.13451085277146263	0.0021384951709198905
0.029857047352438937	0.161718389833635	0.44932969593888994	0.14536383406401787	0.001887347389801235
0.13629817854659446	0.24105063172381386	0.2874533194076552	0.1520353083206324	0.0017994668393492375
0.04628541961528457	0.441896536351068	0.42780414340590567	0.03478559456654675	0.0025098147000150485
0.05801916595462847	0.3149018745765548	0.32220401905886953	0.13387395161024748	0.0018168159760093656
0.03425460317282017	0.3202847276160887	0.3157652808045138	0.1261256830435055	0.001848285346395378
0.044684804941892343	0.1568698860178511	0.2164909424412515	0.06462792868745475	0.002051406772536781
0.07162979891645216	0.2154175109600387	0.2657739788600033	0.10473760507706634	0.001883019540011151
0.044158922063016776	0.14174970168291887	0.26830225582948714	0.15101208974555472	0.0019622282235102844
0.1921257993327779	0.2910575468742741	0.3107501579099447	0.1536445832257281	0.0018899448417868461
0.10681311440721453	0.15281124271073018	0.30483883083671925	0.07022335878078323	0.0018194309486790753
0.06761594189283479	0.26561253561069653	0.3478938459647808	0.1539437568384769	0.0017931329741141774
0.08663484015515485	0.18492704241045313	0.40307575737826173	0.12152526494537805	0.0018075206189924612
0.030201490898403904	0.19787179537348332	0.2417572374598638	0.0477564924251296	0.0020109125342859884
0.14145591829177392	0.10251896367054807	0.28344074465294744	0.10454972521487431	0.0019186929733505003
0.018512651361551558	0.10463712893283283	0.35758692778313955	0.05457110205701285	0.002020656290973719
0.06459509932380705	0.23012453768915303	0.2297164150098924	0.069867952753002	0.001979186605011072
0.159537843913354	0.2242727771500461	0.2920669842388269	0.15330875848510792	0.0018009176882969621
0.05617647243483592	0.21536774297352568	0.25032553117984124	0.10992656896983513	0.0019252145034886687
0.17222187774865413	0.20188326169861587	0.22296240087377217	0.15043285075862523	0.001910316695273365
0.1298886742513366	0.18498453029390316	0.3265730367186664	0.11293091359905329	0.001782785926636314
0.17352511672301402	0.39253484181868736	0.2286366567112517	0.05290726333681802	0.00211047344497912
0.008453360305479739	0.24985282837582462	0.34474820905876563	0.07805548964134269	0.0019195722286006701
0.07083013275284472	0.11126436157135501	0.23907555667041616	0.11807875889173255	0.002042187285501445
0.042904915475009076	0.25710418486912767	0.4539108802362993	0.10645078737591566	0.0017884848460483086
0.03080301421512155	0.21701280782950266	0.29068521444122575	0.05370937805165997	0.0019236814488445997
0.08526408239634664	0.15736867042183164	0.30728492109684874	0.13296010164476826	0.001867941046154341
0.1032696831421334	0.2935645498136491	0.2082513047692563	0.13473740586159155	0.0019664024438694073
0.06258351051220984	0.2032491019610792	0.23589257306921674	0.13257869109080841	0.00194840930542055
0.07859575366147334	0.1027427807091575	0.32898092205109364	0.10492219282316216	0.00194649724698499
0.0555002732150931	0.15458365623472817	0.2640047853050473	0.061793444244580574	0.0019384936230211298
0.05474541502365485	0.2677889375281364	0.20330743065207624	0.10544819106381473	0.0020239152734541537
0.11600543899774185	0.1290701357465551	0.2555860236101672	0.1501532242043525	0.001932334879059917
0.18881691503160206	0.19535859459060514	0.32959321297696675	0.1084249392416139	0.0018621161609050161
0.03218134166384242	0.15732292891172098	0.4044416705868532	0.0786103534074665	0.0018957071244144021
0.21934711225031014	0.07032238322822029	0.3465875386757822	0.121835819701295	0.0026009949278760127
0.057128352166284424	0.08905743198188273	0.49216648184399536	0.11500730062026751	0.002028207306653613
0.09272621005668599	0.09546774417306766	0.2572581731819848	0.05308747231537446	0.0020056567600323888
0.13566927513693794	0.11504984511744268	0.21311271396771217	0.10451103428901554	0.002049493020867872
0.15272319226432204	0.3645679060172809	0.32543265911398056	0.08381095501878098	0.0018359062125195933
0.18077816192267132	0.437282765697332	0.20981215753417257	0.15330934977568217	0.0026476453323961992
0.09702713911426714	0.2116993469351377	0.5010864582083381	0.15585146778945164	0.0018816513312838914
0.06973871787883959	0.31354435151239224	0.3066450418148553	0.15011756401123508	0.0018097661125249555
0.03248299638336971	0.1327035448882806	0.24021831868506982	0.09285910773556046	0.002076754500431027
0.18924830298211998	0.1659131962371463	0.28666874810608794	0.10572701615012708	0.0019241642746178644
0.09861381631576835	0.20023628032162885	0.3171352501046716	0.07799380253634416	0.0017976813080120685
0.0668495161122239	0.20201245711598728	0.2616717798566523	0.12473046625888112	0.0018946167111356536
0.07571537691458954	0.30247187456359	0.25184620301786603	0.14624880431602366	0.0018871967106498394
0.2157787596484624	0.16017403669139788	0.5254688966818895	0.07730041359220916	0.002501978166154082
0.02700986767877657	0.2052996771703493	0.3483682476279937	0.10408029722469704	0.0018979752668420748
0.2177151148244412	0.08693655138619269	0.23720539318261968	0.11717651393231035	0.0027069652364965233
0.0475704244856517	0.16952493725926288	0.3625731160562713	0.14610123435737912	0.001854014649786368
0.13545196999401252	0.18412085244978724	0.4057507468787744	0.0977150580505899	0.001748724273747004
0.048071775953528184	0.21046161475881336	0.35334883195947675	0.14783410480186343	0.0018417032300507884
0.037883223518491466	0.2046343921193598	0.24413775352550743	0.10348190943093538	0.0019795601713783442
0.040547589887752006	0.1496367958172256	0.44322598676460184	0.10694000786937863	0.0018592973796769212
0.11594443936263582	0.1403986885684533	0.4812125531433885	0.10430368046515322	0.0017832703519127012
0.19614783662406368	0.32737817658401247	0.5420285042182312	0.1510552481623551	0.0023597088149685075
0.015538290327068952	0.07532646815909827	0.2824660584311316	0.10347287622479628	0.002162902927129636
0.05425930903208073	0.1081432171323039	0.306116648479179	0.13735116307043638	0.001961154159224397
0.021052141601543783	0.29159980606231994	0.3479642064269185	0.1330718329920133	0.0018859330110673315
0.08968425236734953	0.2144240813448733	0.28727846551617703	0.10973995626328771	0.0018487734441488448
0.03333829317670478	0.054942489260923114	0.2802310308457976	0.06987279712282521	0.00218978913682881
0.03913063514757725	0.31667920633534674	0.3237798847381302	0.08309288684360074	0.001841798588771389
0.07116790331939851	0.17383780011253377	0.2561023248560389	0.09479387506554728	0.0019205941023797822
0.11688508257110031	0.250903500505836	0.2863375631518265	0.07424729349655981	0.0017912640975224362
0.09198441945497576	0.34445582932786	0.444241631703039	0.05544627520728518	0.0017529928689273223
0.07107239643392047	0.25267462812217933	0.32581314239363035	0.13808404045636785	0.0018058825304132352
0.04397113095146635	0.2400516006683658	0.3878668961260803	0.05663255866111325	0.0018167524637039826
0.0021040572070381847	0.23938336961047837	0.25558024654245326	0.14890854683856775	0.002049069014283394
0.0719379635557219	0.34150861828573303	0.3362298334116281	0.09369830509246468	0.0018213595553625485
0.07044082950886316	0.13852201054068133	0.40741629666701795	0.11047205999536963	0.0018504453098789656
0.04775211630755549	0.1653381215780548	0.22607194448349932	0.07494064431481207	0.0020300450853696244
0.03177549890965728	0.22874273200015313	0.2293357717261262	0.14792400384751545	0.00205169169944313
0.04819855312149471	0.17587558506100606	0.3385437459533015	0.05360955163828125	0.0018625821228358578
0.05422948901605715	0.30956814050990655	0.2845294558533796	0.08728445855381152	0.0018610739301546326
0.19580803078952844	0.15303275656986556	0.248379685935828	0.11166266300666032	0.002106903396787685
0.11488281172515868	0.09066866932803824	0.21646052986244407	0.15118971038007092	0.002093345286494494
0.03233580347801668	0.17019147541123203	0.3607594887836093	0.1052655056488745	0.0018887433495899427
0.003959585435536747	0.28890406764936166	0.4228545643310327	0.1473030406625245	0.0019062612859852602
0.1402105367124889	0.3645505956250905	0.42150523776158316	0.10967764467525418	0.0018043816478050224
0.0998024427583297	0.21802140100449857	0.2512751843354698	0.056081290298561216	0.0018772839023088541
0.12415707065251186	0.22355949026679545	0.22827016856864302	0.14453316625525123	0.0019212157619831877
0.04310806921302085	0.22375323553505616	0.21191159739449375	0.13586407359220234	0.0020454671605515517
0.029519135520799003	0.11768207092633076	0.4247741002953014	0.09758431806007029	0.0019635511408501154
0.11565382535406746	0.20771639150783067	0.40003374883731785	0.10392897493665736	0.001747309905313994
0.043548842859379766	0.19885194304066892	0.25499703776547544	0.13827768197206075	0.0019323331113567798
0.09604761013181301	0.29623904134009077	0.3933236303689448	0.14692785006765244	0.0017384151594402718
0.11715285196121716	0.08623309033819426	0.21638641342502193	0.154759485821355	0.0020982020609244543
0.03657238656765219	0.3004888932721565	0.44470385007815794	0.11713842776496813	0.001811630573949074
0.09041149703571599	0.2603138686473631	0.3235941314996008	0.11659872540307599	0.001792763565668076
0.07066388426002557	0.14423831803181406	0.4346723004944162	0.13409943436965543	0.0018389451130724876
0.021543782739518055	0.08303916280796411	0.22619047063245573	0.08498290498809283	0.002288470492197103
0.08073923605914227	0.24079675071194395	0.2202760809998353	0.13350067209084313	0.001998746789120173
0.09354322173997157	0.4500675466488013	0.23874693618257514	0.1545589334037019	0.0027920967222054794
0.01384173453332499	0.20292651172025994	0.508985165358582	0.11847571228545473	0.002078382249909936
0.1514720405189492	0.25139730755021017	0.22750977726906302	0.136272090018195	0.001901233771462258
0.04558997850146179	0.26903566784754696	0.2765646337644747	0.10847123608147295	0.00187840347599791
0.1277772316624876	0.33488624669392125	0.38095956774317286	0.14395845042801517	0.0017416171755902877
0.020941169157114983	0.09067239214853703	0.2728117480010737	0.09335475786719076	0.002125558240514308
0.06514317618691005	0.21272820443285811	0.319331392789407	0.11081561175806802	0.0018324851640189965
0.0457599181364485	0.11280521082948688	0.4875714061255943	0.1339158098597891	0.001958745006309532
0.03117243759277817	0.11134145134504925	0.2306128169643985	0.1372181016801378	0.002141304003246929
0.02120796674336113	0.2822733263668161	0.3617626303422713	0.12308711487103309	0.0018812326100211823
0.13374386226268128	0.20828260222705236	0.33028565825920125	0.1540992469414081	0.0017681975382660305
0.05306431718962497	0.3377255895316959	0.31416851757474323	0.15507216763049836	0.0018260878968023428
0.0995703999684052	0.15742183970158552	0.5624771875563838	0.11995361210725913	0.002614686468374227
0.11280063208666288	0.16019121683456383	0.32933461033964545	0.1024296139502696	0.0018018058571237477
0.05905231138177752	0.22835427330337374	0.21754694018633314	0.14623694079670493	0.0020121489403657077
0.12769766644747058	0.15398519863422566	0.3812000743165861	0.12724981542778563	0.0017889136590375945
0.21068268473262597	0.2835136373024722	0.48061244011766735	0.10392105221463546	0.0020969450559451706
0.02316435307484209	0.11858754035112755	0.34969349061646743	0.11434851228168404	0.0020020150176512995
0.07442638380609559	0.28846834201241034	0.25381213547996523	0.1531071229054628	0.0018829797623388259
0.09339144778207006	0.17230769292632458	0.43591569411997266	0.09775498372192805	0.0017720117408838317
0.024244912370566696	0.09801723353798145	0.33509879822839417	0.14798228437290512	0.0020373198007058004
0.07372007997764629	0.1902422851144504	0.3435252444560461	0.14187510120200028	0.001824955813942155
0.08906070389281304	0.26502381496974986	0.26836110210895137	0.14522889334133385	0.0018498492192445361
0.16494462884026456	0.3348570403006097	0.30916184115805767	0.05745256947983287	0.0017614049740811448
0.009743951068202472	0.4540926870284747	0.3174349556698325	0.06174247154680098	0.0029669962003853636
0.14283918215319658	0.1649811948381289	0.2988566953221643	0.10229639938927439	0.001806556697932847
0.04864952603025993	0.25272952185415193	0.5048995562669119	0.1493713732733658	0.0019333678377298584
0.002579549737362158	0.20315238656402207	0.28841517932998084	0.07218207523230241	0.0020031019574338403
0.08167160081831959	0.21198824245971792	0.2579674776081989	0.09960790152346878	0.0019025779174999312
0.006950818686263072	0.04861979211445021	0.2817121806047009	0.0897241203458423	0.0023293522685512236
0.06272135728657433	0.26284714099510753	0.4319105932599295	0.15157621496283694	0.0017749311664766758
0.03913433595218102	0.24739342796074165	0.4894407563751563	0.10987171786635219	0.0018707938792185724
0.12240517698607453	0.32584930930579953	0.22748392565414577	0.10217902353441213	0.0018918364267004229
0.1390601501614104	0.35799897926855795	0.3020616742951724	0.15499591021889386	0.001815809346613647
0.09597959191560546	0.2689070117169935	0.3549536016030854	0.07944894134983663	0.0017597942794350724
0.038112679653923176	0.2669696602766372	0.2780280969868394	0.10423843163599271	0.0019031376322350445
0.029079886306941333	0.17593164887339136	0.5246708545347463	0.07786849310280576	0.0021663044697460294
0.017760655398088993	0.25614759514227453	0.5080203685332536	0.0909661281228443	0.00201917354316473
0.03546003800098274	0.05911179735526034	0.2720282888935958	0.13098116873937538	0.002178864043323339
0.13142628329278824	0.07160597087852619	0.28260708633861775	0.13730325656647968	0.0019887778359290657
0.04555297855074655	0.2172389657904279	0.3281011308161181	0.06587402814876996	0.0018551554211097946
0.1497637016572362	0.11563972441844181	0.48387263934906577	0.1358799514420982	0.0018321885349713413
0.11505595882553032	0.17926715037403018	0.3837885605257613	0.1548413896882256	0.0017628182151711784
0.13763408189598814	0.17688204888574063	0.5554244354664212	0.0548409760170646	0.0024083196637110817
