## ABC SMC algorithm
## Number of simulations: 1120599
## Acceptance ratio: 0.0004
## Tolerance schedule : [3.1082, 1.92125, 1.20139, 0.783896, 0.462846, 0.303657, 0.202578, 0.143179, 0.1]
parameter1	parameter2	parameter3	parameter4	distance	weights
0.0792978235346879	0.23649326051713934	0.5930488192974364	-0.06948833650979858	0.0610837614902027	0.0015502072583827111
0.024369640421850858	0.5681182598152241	1.6147631424515052	-0.6793214825605258	0.07344291420408983	0.007332494586914257
0.012981388822784629	0.3507949676419606	0.2601132644526448	-0.14518785734416362	0.11144109535852019	0.0019871731864480073
0.1284539244258553	0.22954814670464607	0.4215009162047396	-0.49446034129325045	0.12979464349476877	0.0017252727750762988
0.09243670345216576	0.21354517167696946	0.32738214845672536	-0.1246934810101914	0.05500174658898743	0.001785981002891045
0.10878123489413355	0.15188319484473495	0.2669121353974482	-0.7122003628745479	0.1142532575209035	0.002039824654389291
0.08343078488694347	0.40816148613487147	0.5819175991099051	-0.539776906200657	0.10338596911468187	0.001742708817201846
0.1856768809366397	0.2284216382342579	0.6073336760575021	-0.2921905085284242	0.0947758319542275	0.0017622624099729867
0.07767532750881298	0.14324301851935012	0.2909279235277119	-0.029527814321127277	0.13374100621606844	0.0018811946364606417
0.04096396939010122	0.22272393464203177	0.2707763588320836	-0.09984363415040498	0.13385470102363306	0.001892384233648074
0.007257605554432486	0.2223544633129608	0.460314009865852	-0.38950674999602963	0.11589040338404931	0.0019026043209264623
0.11688764297487812	0.32424022082613935	0.38800654784459554	-0.10021727914294476	0.13529475721460954	0.0016600164108651326
0.0685857223425008	0.2145922052226516	0.3284823259942633	-0.24772033334507992	0.054103413459483204	0.0018150711026436424
0.030298514819974323	0.075544437825492	0.435996720128094	-0.48588119938473473	0.07927219825814577	0.002013677980453503
0.0696927883847692	0.1208233476871764	0.7613905626119729	-0.19443603238283202	0.07268550331027178	0.0015884435402588478
0.11540216865828551	0.04952940903615485	0.5217285473489528	-0.3434002490026802	0.07105390903909117	0.0018477862432147462
0.0681799133872736	0.1176480688877328	1.980918152471677	-0.7892110292781465	0.11848379137617478	0.0058646263327153825
0.04898740850827274	0.37483639241558603	0.878921433074678	-0.6715918579917846	0.0974577216439692	0.0015269547769266084
0.27164915008731816	0.21926612739378903	0.4330646785607045	-0.47262309082277065	0.13523700875579342	0.0053004040455050345
0.17587842093230105	0.1838342517214099	0.9507071398670184	-0.574707661726099	0.10746096852870213	0.0015960081531556094
0.04071261402341328	0.1870752603148189	0.6235844696730775	-0.46451498498441396	0.12634127028792078	0.001679972502547635
0.11519241528023946	0.1577408682009646	0.25547795162673975	-0.23707323816243542	0.052935125186675175	0.001916955157701242
0.2191017241104592	0.2849793404548193	0.3181566528495242	0.05240604802582749	0.09442394520726362	0.002966053320431232
0.18880934476294967	0.07849748458448125	0.6957156127986981	-0.4978942145075348	0.08899869896634088	0.0019586772247387452
0.03641756521516201	0.10468126787842627	0.7764105053740085	-0.6112573378557267	0.05452892620984035	0.0017280031332061662
0.1593102798081642	0.16631821075823486	1.5765405013446752	-0.6592447841106255	0.06560002434199996	0.0032562502407048237
0.04643345351867932	0.21661294582015406	0.6200966582557137	-0.22384145200038819	0.10743554183906352	0.0016132535501172912
0.159957371080702	0.16051805075620856	0.2583545232162848	-0.24649945202514045	0.12330059859138792	0.001897783219921468
0.10312213046303517	0.20591603400125943	1.5752494372310768	-0.497607665302485	0.12031462604974019	0.003284671469404169
0.029658698166059913	0.11305284568479732	0.2215068143063933	0.09922843272533655	0.10720799559632398	0.0021605440581790205
0.15020927266560918	0.3504978052561352	0.684296901843239	-0.3898654267147461	0.12701037510468702	0.0014918695899397661
0.058237250701106635	0.2867244582059396	1.2327510989382024	-0.6204565978359375	0.06265147237316065	0.0017770230882702312
0.07611551239899776	0.1659422223546721	0.5151384584371785	-0.19146896103958722	0.11737528534567487	0.0016747409581522048
0.200938178203903	0.23532207957521792	0.3474423527154985	-0.11044881163176079	0.0830095443568883	0.002312295570314857
0.04531250244785124	0.1758638632781584	0.22037330779998943	-0.0849875147483179	0.06948041816677837	0.0019513537908190663
0.15706410548337216	0.20051663645810874	0.23702101418717392	0.05422040832947794	0.08409260215196401	0.0018611360900765799
0.2215857858564718	0.38284674766976917	0.9497689315546487	-0.8707578740534566	0.11261369985986282	0.0027792654228643884
0.18089867261635176	0.35723801786808634	0.4898175679776122	-0.25248129271878855	0.10498249875062302	0.0017922112067716544
0.019099357614825313	0.23960452170424124	0.720481395714998	-0.647099589620594	0.074971401864613	0.0017110638976063632
0.028951158631903354	0.2951131815265354	0.5154093183143031	-0.056665894306873965	0.11987152715653758	0.0016871913818354751
0.040987751407042285	0.05168763958061415	1.2516314500697856	-0.7561176816624443	0.13767678264693234	0.002273211334009023
0.017238411063206144	0.2891115004461041	0.5293802982225487	-0.7872504083914322	0.1048414325300221	0.0019019806027660196
0.06948408393622786	0.32427705542054003	0.3934615236374006	0.12811831257701445	0.09472862698694876	0.0017815333449062638
0.032903877622876956	0.1900943850625616	1.1377683820353912	-0.29487095175599287	0.10337924584210381	0.001616355121913711
0.0637629946185437	0.13654997829168328	0.5526451802107072	-0.31844639896447724	0.09076084609591234	0.0016972903962459852
0.04111951532096661	0.43473557789103384	0.23341665975939507	0.3351826432160433	0.11707556006597811	0.0028854145548820784
0.08412459090820479	0.06589137556779207	0.39386739339041477	-0.020966358393988305	0.05353118511325105	0.001896588756384061
0.07409810859194668	0.388202439731439	0.6023833872309019	-0.3250677985720978	0.12115120502985388	0.0016133253802431702
0.03788428945301139	0.33798784442203655	0.674805123578228	-0.5171916677596735	0.09920208349891801	0.0016136548836202776
0.09862169395304989	0.3060001075308669	0.9080127474414309	-0.9945997094419028	0.10365467346059527	0.0016780755619502596
0.025089933074715923	0.17869650791291972	0.857341767861754	-0.5839151315536847	0.11290850095097735	0.0016748682042133428
0.014913709245604534	0.17620076969215526	0.5614210014329932	-0.9138608848356768	0.10666453578871042	0.0021132662078458334
0.09964637926265757	0.3585736212210039	1.1812324141143677	-0.4685502722721442	0.10825951243881402	0.0015915606280606585
0.07129200730775351	0.1746629859767237	0.2684201067197852	-0.1873149710037636	0.1074001738445121	0.0018965783202437839
0.031282924800697	0.1348673200477148	0.6600928252109232	-0.44413825708530763	0.056516198726276994	0.001756272374953351
0.13127167509671336	0.2217673032541881	1.0107596359255413	-0.3988523804491202	0.10348787556863577	0.0014320302345147285
0.12831024972967875	0.10810733669886308	0.3294121173026405	-0.343330390011406	0.0927238797947777	0.0018945568988187097
0.03767759127443826	0.2571568158546955	0.5418382196585849	-0.6793633228753342	0.13189529878879258	0.0017754673413868218
0.13334474165443	0.1588496284271864	0.5436668695595057	-0.143765884910398	0.1045652127769886	0.001636680319869577
0.14239294187892976	0.08589924063385232	0.3189719591827084	-0.29243773291347164	0.07035412723200575	0.0019277204909531464
0.09952001268244373	0.3010271826862139	0.33351658201572687	-0.6828488280274861	0.05286552984746125	0.001829649430123858
0.012619333870037386	0.15741930303603485	0.9652705127769923	-0.19861018572843592	0.12719108357728798	0.0016877963914601949
0.07216431622921171	0.15732183915548476	0.46143643844757753	-0.3563549650242668	0.12748511861070516	0.0017480482023230618
0.03521088480408058	0.24487384671710716	1.1142934128017434	-0.651381614721323	0.10068495830028495	0.0015795928831741088
0.04477422536593065	0.20421145106509703	0.3253537717540307	-0.6506018871136994	0.10280800155559944	0.0019542624028225093
0.1397834008784461	0.0733562376583476	1.9950944459457167	-0.8194646155281929	0.08639776938184733	0.006236941320880513
0.034963263785786576	0.15806042865329922	0.7628022149466523	-0.5409607794564477	0.05920727904132249	0.0016708233748623025
0.04636341604755066	0.22623466235357875	1.863520424270681	-0.7329801547161489	0.055629245660691704	0.005123729593567744
0.1462620273207362	0.1754713225848813	0.6142221860052295	-0.5178897407171673	0.11969943230350209	0.001600555559132236
0.15830084892746285	0.3346911469914081	0.7379445904237801	-0.39918911637102106	0.06435959939616916	0.0014445154430987358
0.03736728040122542	0.3793847131253412	0.44509923038012583	-0.22274601493887203	0.10337029057258196	0.0017669026061325006
0.09238509034729031	0.48151627689910687	0.6094492215980197	-0.42711898173953	0.10726581623440415	0.002343447575743987
0.12757276893041108	0.26683592188798655	0.4141538484396967	-0.7030521175587778	0.10462068369659033	0.0017471325303291582
0.07387897606102484	0.2354006515715619	1.3795334184803998	-0.6337367919967604	0.1327485760889717	0.0023639085196039333
0.027764415961546024	0.30622888582803454	0.4040440529242276	-0.8127724355863678	0.1366116350947686	0.001955847180380988
0.031762562543884376	0.2685307689884617	0.23374188830214176	0.15610975987152398	0.060529608035168506	0.0020835075220578055
0.12213102773207704	0.2717644311617752	0.9477555057396614	-0.6616923750172197	0.1076423820585596	0.0014540608766801146
0.10268748348763834	0.1775700968439818	0.3817266381287038	-0.03527224691210784	0.0799432651625795	0.001746568478371946
0.07790383689599287	0.08964647625316835	0.6373268779134416	-0.2788880622770818	0.13176203898185965	0.0016671692402879035
0.08865729397494788	0.2935655766597343	0.5334126146433642	-0.23992044337270046	0.10864924810898426	0.0015731381090112843
0.042261418283132	0.26763928829061273	1.5620289071576496	-0.6218654197907336	0.12810752501225026	0.0033726907222156265
0.04340610654461188	0.17848257822986302	0.5859973247620519	-0.6144993409241358	0.10067472244530759	0.0017410408340199355
0.0778306650559836	0.11573536283855418	1.3998235044048497	-0.5086065972742517	0.09533276083550067	0.0025929329300318493
0.0299688656995028	0.2150616404039806	0.9093297197510667	-0.7150196423470755	0.12490213103104264	0.0016732206037766285
0.008808163423445453	0.10964597086561406	0.49006550887348665	-0.7634934233525255	0.11889703444496474	0.00213431017288797
0.08537197366564811	0.23409764096333396	0.2350352071704861	0.3812214749336209	0.058412127409474796	0.002530650184447873
0.021523316573488896	0.4589684691390015	0.4433321266776228	-0.4485218081207958	0.12150206381967936	0.0023709052411846512
0.07032988068104733	0.32705712497023687	0.65769915481134	-0.28774713775341154	0.13672027044172433	0.0015159617863579468
0.12200565433579841	0.1448772262776902	0.4354920583697395	-0.20238466886361894	0.12014022206906	0.0017407708179583024
0.09448072161612128	0.0900051350420987	0.23076806469963396	-0.6986975428182496	0.12936700995907624	0.002125991600655002
0.19979091476107494	0.1440549421618424	1.3819397846002546	-0.6251411032625466	0.053568738233448196	0.0031609590726505783
0.1076088860251245	0.3213273697204282	0.23895337527882832	-0.22410985258596772	0.07505847001050374	0.0018144386597374867
0.05913389609023704	0.19633539110720064	0.26375119043715445	0.26223943364384783	0.05305765250560351	0.002234643020808557
0.024867097631735904	0.20354515850032792	0.40035611786669145	-0.3511692668362393	0.13642893550675622	0.0018905469890428534
0.16514280227241232	0.07059333478405355	0.7019124887269692	-0.26492442560438934	0.12329915310943657	0.0016896612933118803
0.09545213730834048	0.12216290094713594	1.340997376373437	-0.8273174041257149	0.05440274053941903	0.002318284776852305
0.0939514867172172	0.2192666303777593	1.1949603969141607	-0.827650553640488	0.11488682981398568	0.0017142979523393598
0.06608623618592122	0.20381144682018917	0.33954119803657207	-0.22944007462920535	0.1215019098922983	0.0018197590967423006
0.07881820511849277	0.11510523222220721	0.6742873672234644	-0.6922103023228243	0.1279623553457312	0.001694943824119884
0.06311541344382987	0.44890762520847255	0.6006861961932117	-0.4559618992635749	0.1222350308628592	0.0019832130635421687
0.12395879323229689	0.4314815691216405	0.44991192446306605	-0.2899138086330154	0.13537749014859066	0.0018659400499702
0.04226525647280882	0.12553194592355554	0.4175513834902208	-0.5072683027569698	0.0889515346897332	0.0019012258815569404
0.09346900871391128	0.10446831608595389	1.4603978834628526	-0.3545470144348779	0.1239103911019791	0.002907944679222323
0.07191702984807162	0.27720070129867624	0.5687048457748722	-0.21693182652159892	0.11236820092054346	0.0015873668513283813
0.17789189970892202	0.22477742398984385	0.47762436504061956	-0.8418303310328408	0.054167208999050045	0.0019274299205886136
0.06890707879287136	0.23164522807939197	0.7350461108072303	-0.7076652103971344	0.13527616967923653	0.001591858771910457
0.19178701793548653	0.29673642306274245	0.4262686018646257	-0.17209283872093661	0.09014382990660132	0.0019972778937035786
0.07570153068298932	0.12150077678498541	0.9186543163149741	-0.6481366369116339	0.05404038184058325	0.001597542148154375
0.16196314147120805	0.09422096733499052	1.2209429904010647	-0.7337132505923468	0.06771105548273104	0.0018847914117804956
0.08221250874881819	0.26407530197077467	0.5389117104369102	-0.36974490908438495	0.10589100106475828	0.001597409569481067
0.06804748309705458	0.40366014393669225	0.49559137838561795	-0.6041844698157958	0.130709704121413	0.0017883653549272227
0.0014504919836182233	0.14344616169862515	0.47167946796467275	-0.5392093706530854	0.13999477863297924	0.0020026354155833694
0.15507430887041546	0.1373724523795715	0.45302017060155997	-0.42392002783643923	0.11566494553484717	0.0017377305664385487
0.12826963061797195	0.3039055252783464	0.9489405202385968	-0.6455759042507028	0.1091040784874108	0.0014401852639312684
0.19567142171926488	0.19826371808199944	0.5248046296724661	-0.24842321228320863	0.05554429400621357	0.002015752932692598
0.0070558703341643825	0.18342410655401223	0.467924422831244	-0.5378166724883648	0.0873353396031391	0.0019438763729975159
0.022764254177503856	0.269529212705334	1.4968548948259657	-0.885247525720485	0.11703242225192817	0.0031004434303946934
0.023725910372468115	0.2011661933711819	0.25400795189242953	-0.3558783760687052	0.0803998458449544	0.0020643585414958144
0.009421605989571438	0.21729276607806772	0.3164561893633279	-0.7869519625406405	0.08532184336017533	0.0022380672643034414
0.023166137268805898	0.18901851885737553	0.34727620006514015	-0.5496280944108144	0.12214688927261043	0.0020071127788795335
0.049054445017288784	0.24388085902187367	0.952403998275708	-0.3474037769298557	0.14063947764058474	0.001483822933981029
0.07809990857725495	0.08870211079685608	1.4064518967055961	-0.8469742085956655	0.056405597872418015	0.0026950450457705337
0.044291560574879624	0.1562297273107974	1.025032567167277	-0.9155563713914784	0.12566593224117928	0.0017522902680572599
0.12100745362820824	0.21192364624074578	0.822781002431101	-0.40699396662657084	0.06798430531123027	0.0014848313810264285
0.1812109093868614	0.2249152904061807	0.46642970501483394	0.053836898861285176	0.10546126687216253	0.0018145718373947944
0.051931804283650324	0.2216762575325717	1.078490199499249	-0.6879052551380253	0.10775118532725544	0.001508709027016579
0.07581552324506267	0.16750169300449078	0.28072336458723435	-0.047577738102763556	0.1370976361119454	0.0018617034872164036
0.05377016718569483	0.06213736748789131	0.33822705654292884	-0.07544089796522813	0.08210992163616895	0.0020282133950095486
0.029171252538782513	0.24349556936964434	0.3440671243202226	-0.1986150095923911	0.12424979809823787	0.0018903479403420344
0.10674931595003649	0.24216988043305612	0.693432611192932	-0.8293240368732787	0.1086490717426111	0.0016252769005113976
0.09155943436099925	0.16843406108399217	0.34052945757913555	-0.7644732618577824	0.06943556055343124	0.0020013027185212624
0.05579742101591531	0.26130227509571263	0.2747711907226341	-0.3926704280422663	0.09757269227894061	0.0018509777290796124
0.2267393973887812	0.31528412950042717	0.5992980991603194	-0.4617519912883008	0.1269425106951741	0.0028030379253007475
0.05813288460486793	0.292883651819436	0.23830009413364672	-0.15813029779261312	0.11417218974432439	0.00183341255392568
0.09054665339368412	0.23944869359593157	0.9244247494277923	-0.5011946203143014	0.14227642229473605	0.0014722748604525104
0.1298120459724852	0.26722115829462423	0.35793269149252394	0.04795457702601169	0.13423066300117914	0.0017278105216143385
0.05076866026070492	0.2726782494120077	1.5366841323725073	-0.6528147864890421	0.14300683627815536	0.0030847355632275305
0.04695525871760006	0.20252628585130056	0.5917476756250007	-0.8134632223574465	0.064932568246733	0.001788979915655845
0.04694697884808938	0.399819832252683	0.654430178921054	-0.33371521661342984	0.11856356551378248	0.0016462836198929223
0.047262104490726986	0.3952255834317954	0.6334827935132593	-0.018496256854118487	0.11001942316591544	0.0016140704902605188
0.09756546470152122	0.17587199741329035	0.2806946549218299	-0.10150220554799338	0.060899228270305396	0.0018405775560322965
0.15441625634698455	0.2717867341063409	1.0756534694597022	-0.6285404116701587	0.09845153824106415	0.001402255610643954
0.08397226211427694	0.18481828829419772	1.3482549628904341	-0.8720957074252326	0.104381985910126	0.0022734588226057954
0.12357855374655492	0.31508468081408075	0.5161499353943981	-0.14398668964344208	0.10901859494602613	0.0015738827273202368
0.06687845409053209	0.4596733356287566	0.594185251748532	-0.4824203393299513	0.11549199935679892	0.002085606916790859
0.043429030815306996	0.5023008497647558	0.29498973592848765	-0.7943920943095423	0.07850575883707102	0.0035175936517039463
0.08235974818709679	0.21783507170032476	0.5926927202073696	-0.6631604679795928	0.06017472010094108	0.0016407112233276621
0.07508914664027241	0.20733136856539303	0.3935596884583529	-0.17137880758031065	0.142652325820295	0.0017343594092462478
0.15587089130852702	0.24008572613853552	0.32836723612718044	-0.480585071755955	0.07927212015153665	0.0017944305220300245
0.014448973183014219	0.41879315023998354	0.3178637797097738	-0.9661396695409838	0.07116101980856203	0.0026080744176764687
0.06004651263861488	0.2876088641808483	0.5560955554312	-0.2080002765949449	0.06526535334606483	0.0015998946453431929
0.017365488698998954	0.1127366092693049	0.33563098009158354	-0.07932843547112678	0.09663729316353396	0.0020518247689823616
0.04312251885812388	0.3113428782256524	1.1648784992376866	-0.7894426139515647	0.11343388184657803	0.0016523433269698862
0.05098109939177993	0.2928501970258269	0.40239325993656894	-0.6691724467404594	0.10394288327616562	0.0017859754577542871
0.06042939284962498	0.15835880022951682	0.6386861789504459	-0.9411287074291396	0.08574697420016379	0.0018850020411403088
0.09541045076598478	0.24721902028017695	0.22034425115049605	0.00034448378238649546	0.1095296328641963	0.0018205276276805691
0.032034410763258234	0.2108337397965672	0.8489622063492345	-0.6994483085188166	0.10445675205776016	0.0016576071018679847
0.06453474323005176	0.08763969303146235	0.3271979117737207	0.1772171671524374	0.07613724504733704	0.0020696549569855986
0.04780487276767756	0.08052876734560044	0.43894172889933125	-0.24329630708648742	0.12232029250646641	0.0018805740254298437
0.09342085785517873	0.28482660760058626	1.3332674755074276	-0.7552657427895292	0.10374594972065834	0.0021220675822053274
0.08516092469223263	0.3595038476437977	1.0115687174164378	-0.40537237148958527	0.13689010837090862	0.0014132761210272906
0.07520103028122205	0.15144045435708586	0.37962598855793594	-0.7659566937424479	0.12009520067690935	0.001987970382555259
0.047599920889570144	0.26018132363794677	1.1493868855863623	-0.5994316209152577	0.11674709288903495	0.0015797545363478455
0.07116904060821455	0.09359858915862003	0.5320834710386178	-0.3453352354470103	0.05340852492695348	0.001752249715206416
0.16108698391309784	0.38518043949327396	0.5708870042394082	-0.2506728587553355	0.04402875666156914	0.001596173847887861
0.08482197046788947	0.22298892259968583	0.397407757956458	-0.4588988573383873	0.10541416565519018	0.0017557679901843378
0.032727860301373146	0.24143454983266271	1.6506293224772426	-0.8687163642957632	0.12613344152364592	0.003922664445752417
0.022805291183214088	0.2499381966916258	0.7593081107031955	-0.4530185044711108	0.10997961611404297	0.0016418705373640948
0.08320317566218272	0.25091469058708077	0.20788149246851195	-0.23025703383858265	0.08841010854838166	0.0018593413554714438
0.009216397455064404	0.20536388976617684	0.31416154822190767	-0.9231458510834154	0.13001962739488296	0.0024592173029048744
0.09112438419907626	0.31278798616446235	0.6937073960861451	-0.9246649226571859	0.05357932747134608	0.0017033613722174847
0.04070924241133392	0.16312578651543436	1.248274887987423	-0.2563957279849245	0.1216047518842152	0.001991342171312739
0.12173037466185647	0.12304854997903039	1.0591063330998511	-0.4404792848700654	0.11894667944186553	0.0015036158159753902
0.02881447335058296	0.18164446990007987	0.9910213371818674	-0.38640082784663043	0.10033522501587942	0.0015777341789373523
0.023464956893676225	0.19595216197971377	0.704485452825656	-0.2194784062041999	0.13959523458619574	0.0016628224190490444
0.12242743462455313	0.2574846624495797	0.7684383222290634	-0.41710815053375416	0.10527765285573974	0.0014733233022724568
0.05759367190599417	0.270276407884975	0.7352004789307053	-0.740485071132086	0.038968550378266055	0.0016079820666377357
0.10255129585878937	0.1147338084321462	1.224541325596561	-0.7954276971404785	0.09464712526447243	0.0019112798791700455
0.03687585135353211	0.20287843009258966	0.8312729359103881	-0.7058944279047897	0.07099256887325744	0.0016567877643962597
0.027621876475495466	0.24101411487555635	1.1493787463733558	-0.7986037272723038	0.10813170485398539	0.0017269535774935714
0.0787185769095631	0.16986371707232117	0.2759695183699358	0.0367668332966965	0.05575571065682163	0.0018758638901747678
0.028483560164941468	0.2952706104407974	0.4232538512120906	-0.9583624098432315	0.09409855263534063	0.002098841155200458
0.08796346625218102	0.2701324824415652	0.32010536696034997	0.092909132927673	0.107000706464329	0.0017885252568790378
0.058163358889993966	0.20499979652979797	0.2887892774218771	0.3655127084262	0.112779051383306	0.002563006431517243
0.08142238518252126	0.09602177303570357	0.7874346742680072	-0.5902893132329995	0.05348099077031239	0.0016269690462967288
0.09101191925342911	0.17949478134730237	0.33776479804581117	-0.06438890812307996	0.09193443521747939	0.0017843436286266831
0.05121164491242702	0.3266022813841861	1.1262634469544224	-0.726759161014569	0.10415949077034015	0.0015428192269583097
0.18063865541209304	0.20434621659793312	0.31254006839402815	0.1454683426486303	0.13422110474483132	0.0021020791406561015
0.05584356295555866	0.1368990898648761	1.150944900038808	-0.5926052944441322	0.08071492336389033	0.0016512729413775378
0.07530489298391699	0.36572024436296513	0.25180042975905637	0.16767040515800313	0.10977785053988075	0.001994346129945066
0.05291009942214993	0.15637032474379975	1.4664285324438087	-0.5950815387839397	0.052872156735315985	0.0029008424229910053
0.12403024922181605	0.32743114070812385	0.5566202613343774	-0.2559829506815845	0.10423056806398504	0.0015560185505951187
0.1669720884076424	0.22835551390835643	0.20342085280639777	-0.2833371425851363	0.09479686197245961	0.0018976883247050175
0.07505684993366893	0.36831110042379367	1.4587401528505883	-0.6849821020419379	0.11591795159145266	0.002659308097183575
0.01562162509951899	0.31765740899142986	0.42822292126557293	-0.7104475185472283	0.06026319711145621	0.0019176875209269315
0.0687942547062565	0.2639517941696231	0.4260496269388135	-0.09989332908072135	0.1357850735362393	0.0016544264539624584
0.08004639109389862	0.33386089297219435	0.6981520990555918	-0.39605833532489765	0.07183008166201298	0.0014953862570008497
0.09671491133363166	0.07860041505502359	0.805888833856454	-0.5666776585320095	0.13474590365727493	0.0016461915040056486
0.03595032572797578	0.16267752581464384	0.5972176698810311	-0.713631707559399	0.08931908227367029	0.0018114883952178543
0.10927366741453061	0.3197668491619551	0.48783421346548356	-0.9016015309273265	0.05550289718452632	0.0018250180538149545
0.0604725435327404	0.1298894784328331	0.5039459881529672	-0.36534090697883026	0.06634959964873527	0.0017548013405915678
0.020516088449289885	0.22618002788521388	0.41647575882264753	-0.7586465015649732	0.08195989903798925	0.002019721724351735
0.07031436720213621	0.28001366091909397	0.2248130044829098	0.049622446812961574	0.07453783022164827	0.0018503357430842448
0.04733757567609585	0.12981429065401404	0.24463332036936775	0.11620614936735052	0.07106898502248424	0.002063538907056705
0.06847913692105517	0.2669861155287992	0.7514511715329986	-0.3344423544032592	0.1116083050002535	0.0014968456681232478
0.07802747603573545	0.38775098221492077	0.25965687806074245	-0.09622316828895161	0.13222370543491188	0.0018472442364756525
0.18340948573728894	0.20480128729909708	0.2619455325942692	-0.09849954475940015	0.06390670158843068	0.002015632971467621
0.030689931790189084	0.19219635429405635	0.8040085619033753	-0.6150279683623855	0.09957613517330154	0.0016528061680961845
0.014701019749308371	0.1976185009774966	0.20732125202163854	-0.30242764170371483	0.08306683104541497	0.0020967779935699674
0.11916393261131247	0.23747768854050633	0.5133749288774971	-0.9062846497166288	0.1312642336709034	0.001848652435736088
0.042542673305877556	0.20972414348114304	0.3714606389973577	-0.10547841595323315	0.12865049306185788	0.0018285179197170824
0.1331446342824512	0.3707405518896177	0.303830606517989	0.14582070551137982	0.1035099442076614	0.0019227749331344106
0.14117011052653128	0.2875995867800814	0.958566943371251	-0.5586206742077484	0.0683496376685016	0.0014394110247259214
0.07100416619735311	0.1334000039637481	0.31740700620657736	0.17308813523277156	0.05408977155967654	0.0020411206460216108
0.06501894274707853	0.21477731918421517	0.48693493855647196	-0.1521757083337032	0.054594875855566806	0.0016554656636419706
0.051942144413440555	0.33985527590984405	0.26171343632028793	0.1096469431260505	0.08047206560743332	0.0019089517312289167
0.06903791069515533	0.28144468861472255	0.419517085394865	-0.6024521000040042	0.12669578880038207	0.0017302400938109658
0.019164397167070135	0.3215215319440389	0.3411343594677991	0.17079157655750188	0.05402381464413316	0.002070937728726168
0.11304601485772481	0.21673483091345533	0.4011492012708577	-0.639109570314123	0.05579004443653373	0.0017671037219687733
0.09747614519210357	0.2274968244818613	0.6030025064246105	-0.30440878961192874	0.12621568926093235	0.0015686194185734806
0.08740740343505427	0.15239362382244004	0.5165469283789684	-0.5262786164853155	0.10636765254182017	0.001731173979902424
0.07186052380458621	0.2357426032320003	1.680454981458797	-0.6156186389679582	0.10378652449569177	0.0038408671244573897
0.11925827214384274	0.14310477066007352	0.43280274378250394	-0.8538026313790573	0.10497774972482521	0.001952200172195606
0.03464193639445248	0.2639821238859909	0.3893697904056995	-0.45929855167720524	0.09597028009443244	0.001837832787204339
0.054363951830264684	0.29942701206225664	0.25552927872821984	-0.9316852114922523	0.07941833763421709	0.002186643509264412
0.011710696991827188	0.4019707112392559	0.21622584316886406	0.03726052722070339	0.12710750275547117	0.002131683721618345
0.09958349220185783	0.22580020786064267	1.0483508668273345	-0.23033235232500937	0.109171632543157	0.0014216591212340363
0.08354826618124406	0.2646388564315134	0.687262780398677	-0.4036403325581037	0.05338675707182287	0.0015143669087623944
0.03777886981916402	0.35623584599081526	0.36739231060284205	0.05511269463959678	0.05907412325319972	0.001824550671685006
0.09538218443213142	0.29036619009942155	1.257025075856578	-0.7560916712971286	0.11338283954003679	0.001865540600423273
0.04077658589396009	0.14466459744779456	0.32291428441123216	-0.3952906110789991	0.12785994352318847	0.0019745522212900155
0.030101449934359786	0.37169814493166115	0.27615925365140154	0.053038594766452674	0.053723729766826336	0.0019315000983359289
0.0822621605724228	0.2751272763294952	0.8389220541286758	-0.6432600075910855	0.12082231091019946	0.0014949727944242634
0.0638134114054438	0.2854391651462143	0.4927689289943151	-0.49129850674049	0.10488228169876238	0.0016573721133725401
0.007516675835079006	0.45378210163886296	1.2445831858247565	-0.5735282016679376	0.05963432229001392	0.0024345106944364345
0.09864075893790017	0.12141219867821275	0.48946021806928897	-0.4694864879630253	0.053987577927232897	0.0017652231016730114
0.05308799280841571	0.15751358495195206	0.7669564899544108	-0.3740876921303309	0.11276887444140601	0.0015891663442209718
0.04357123937865811	0.4493618927532351	0.5456722235936283	-0.8279025901763315	0.10476931192412889	0.0022171426524833504
0.05149913536473841	0.30603524067115023	1.24044751741781	-0.6332751981295135	0.12074298826709062	0.0018140909712728156
0.17919676430876605	0.18690819041963153	0.9095232086298131	-0.5678058320927559	0.12189742741008001	0.001624648198542269
0.07564555672386741	0.2369826288625721	1.8612221984753416	-0.8107154170786282	0.10499054516216966	0.005012156783068398
0.04217748659607465	0.26951379817503085	0.7078722644072796	-0.3911556278489796	0.10386369409745137	0.0015651982589675153
0.1388494335994688	0.22842643146321218	0.40958600191140837	-0.019369108693785053	0.09349340532982298	0.0016642650348757814
0.10777779232386869	0.218184452846098	0.4525183692111452	-0.584735472291096	0.11302434584819013	0.0017118613291529899
0.17059200600517255	0.2689068269129258	0.339023790369406	-0.3573247739277733	0.11147058816373726	0.0018191308683639727
0.1056816509276414	0.1751409812663225	1.2696442663425493	-0.803469996320364	0.1425637145017109	0.0019794741423712937
0.05328307246967632	0.1785173481919187	1.3228311420970353	-0.6552955126042648	0.0625642030656829	0.0021597590573943144
0.06893635867680176	0.20478887887087563	0.5995380483264903	-0.3475864548788532	0.10556550674612684	0.0015945011817944804
0.08234638423321741	0.3207695972100026	0.9298677441325022	-0.9480976201265746	0.12949056661298483	0.0016256970984750542
0.12298507626990976	0.30053598364893086	0.2528778336754445	-0.054493814607243785	0.10883909414939243	0.001769126645156347
0.17563405841284824	0.12116929232770829	0.5201787342643509	-0.7423958641100251	0.054912505306757675	0.0019887232018849445
0.10834064094582166	0.3156799821414672	0.35452363431621026	0.2691337705704677	0.11986402885219627	0.002118374973680328
0.061844314842223594	0.2592812026209049	0.4769002164727858	-0.9827362304338848	0.12546620669241998	0.0019668392533770474
0.05176309364939033	0.24878808520027	0.7372144980039778	-0.2400840458593303	0.09147021560295882	0.0015196600598594622
0.10904468720559088	0.4072026618206144	0.20902472874387357	0.7578379434775357	0.1400090585440827	0.005468404839526747
0.08421443199584468	0.17253873686547597	0.9999270247908908	-0.566758109352159	0.10597347881184643	0.001493580891221157
0.06693839169580632	0.11882544902722698	0.9333226899478521	-0.4959693192776442	0.12923377444235068	0.0015815100303697373
0.12971330688376903	0.22662349076530824	0.20758761588572494	0.3510925295506673	0.11337433641452735	0.002449794917685262
0.005558648376006475	0.16697220654549902	0.5150328415923102	-0.34423687595352015	0.12824105077724485	0.0019190116160488198
0.04384222376993824	0.15107269310209595	1.2268337456680802	-0.6787735086617307	0.06838265315018749	0.0019092192364512537
0.011252623349121152	0.31314107553555726	0.7081582272787987	-0.3704144337621299	0.10606187886781895	0.0016661197383194641
0.02100484923038884	0.287468517606963	0.4481817257676151	-0.19688500606767712	0.05325635097709386	0.0017810817492094155
0.11886879592319427	0.2598132089497379	1.3620669484527328	-0.8060804662183563	0.07032145752185394	0.0022009659848734506
0.021318609600027544	0.17534541146536664	0.38034678244225395	-0.8140012733469104	0.05750175637585191	0.0021452957380015693
0.06293052712795069	0.25698583254158736	1.1045358466483088	-0.6900885202689652	0.06800062275406818	0.0014876336499859877
0.036844613632961584	0.41536919770300385	0.8014399620309502	-0.7655478828856084	0.12751024282966114	0.0017691402010158806
0.06837218534548185	0.3002506723537919	0.6720702856205285	-0.5128923160192058	0.06699137666115662	0.0015279350064723873
0.03257202928947969	0.18232213331839048	0.9046516392874636	-0.701032706200845	0.0887553578260125	0.0016588295494369071
0.06473412491807323	0.2662029679800204	0.29383520323078793	0.19295637463595516	0.1358242317043975	0.0019790401195081673
0.061423922519376506	0.2921808428490189	0.34175959388210064	-0.4127258110757307	0.09899213145117491	0.0018049075887408461
0.010267372073895192	0.16326540651351487	0.9570202315424207	-0.9479657557624256	0.10406772320604916	0.001959554304095258
0.19948019424675534	0.13149798152207312	0.44485724841909147	-0.3822321534928661	0.11363939395977697	0.002245317285609918
0.05126565702846181	0.10879944732620994	0.324479712777443	-0.37365379031387946	0.07903663159959033	0.0019797089891672483
0.0686259935746973	0.15809540521903093	0.40661422697083316	-0.18746714332534475	0.13457417467684868	0.0017847235830496836
0.10862386781890451	0.20390472610806418	0.4653358566591874	-0.805198212530275	0.10748148921907046	0.0018100331475317723
0.13452866509855668	0.1592927605872774	0.22878371544676934	0.24221850608733275	0.14130336913279107	0.0022278082527407046
0.01963549768951406	0.3263405051940394	0.6570702234524521	-0.1497423212480855	0.07653936171744304	0.0016465431346425784
0.060814937735525876	0.27111998256388453	0.38742451854550786	-0.6800394641955674	0.03426607866217889	0.001814696565809818
0.026042146429692332	0.27699163495641865	0.3801280308194377	-0.7226321023773958	0.13331022239907533	0.001998854197390783
0.06128839752283537	0.19405461266307053	0.3326410234695729	-0.5669098816013798	0.0843369251508903	0.0018820963658675311
0.08178529864349766	0.25946031360583943	0.4722801958872972	-0.1590081454372474	0.14095546315361157	0.0016158459220919905
0.16798292825212147	0.17830111027609816	0.5140858338129366	-0.3073356395286906	0.05743479841195405	0.0016804893018714279
0.10047433496047292	0.2189074213477857	0.46415563592838605	-0.28625760358940744	0.058306513097003625	0.001655352285091783
0.04653141810523756	0.16289657285954512	0.23819388706132738	-0.062207734592750974	0.10569922428259446	0.0019513676353890399
0.057193528876715166	0.12066501642666441	1.5203231862550306	-0.7263318538862538	0.1186111309204122	0.003194395722910046
0.1465668435004081	0.18210728022580025	0.6124591889491188	-0.6886593746374183	0.10761613225912492	0.0016285775208697644
0.06025601858663859	0.10195496359639303	0.605088856115812	-0.61515259583052	0.07653186804559133	0.0017364390428128678
0.16616200618852822	0.15931092317309462	1.121272776285663	-0.629857513275351	0.11332284696171646	0.0015517959108254967
0.01907617101913857	0.320132051080424	0.7417245733763149	-0.8913182271897772	0.10994196947345057	0.001827091496098277
0.030046873726675236	0.1598875699868128	0.6684267108339673	-0.3068670223505121	0.1186835582495255	0.0017070465808245098
0.04701480031420836	0.20608984592033872	0.47849885943674536	-0.459726521202106	0.08965278696427467	0.0017373027833354998
0.044563719715966045	0.25754845813667976	0.5843984205729527	-0.7193828255732136	0.13218359874946028	0.0017395110438456188
0.1983577135402339	0.3488707045407016	0.45792639904269583	-0.9178539534195657	0.10542215296552529	0.002430067911943909
0.07933827706060802	0.15688945519766145	0.2426376987953679	-0.5985574289033024	0.1282057003481772	0.002006764905733536
0.10306938470104185	0.10018880886171866	0.4168105124004352	0.2295213904050657	0.12256575326277178	0.0020947083012080713
0.006622954532787884	0.20678730596024242	0.23790902413773096	-0.1652944142950623	0.13139940417446044	0.0021155198520448597
0.030773429673506852	0.27928885195875663	0.49683724987315003	-0.23175069028270734	0.10792675216375107	0.001718078220891106
0.16247860126588476	0.26701801060168373	1.4245319959872709	-0.4935893196219079	0.11355181605002211	0.0024143730803166054
0.0810200807063979	0.25985132225992996	0.495066703798797	-0.01871698124853971	0.11291055098528342	0.0015850519637349938
0.004906654385798501	0.25680835657208567	1.1334984856614039	-0.75025588996331	0.10383510861591083	0.0017546256882401351
0.057363911878251045	0.27643574971868023	0.8664820195417969	-0.5518326594305756	0.10505835260028051	0.0015004582918881142
0.02808398344521859	0.09689861600877929	0.4974545308510723	-0.49020296098701466	0.12669036985615736	0.001933718962450428
0.13303763064055715	0.08964741120557718	0.30558264001351954	-0.1864732388089374	0.09031632496160688	0.0019435801366994075
0.04713137894996608	0.14920116355296933	0.3270355605559834	0.1747638187439331	0.1220945996690952	0.002062097985049999
0.12334258373697421	0.06863192688416811	0.7449938673555591	-0.8214451448074302	0.11494545154521459	0.001799670221797007
0.09052152052202142	0.1820039328549156	1.4285209579795257	-0.6020506682100515	0.13768257984410087	0.0025314388009225613
0.06665420392280999	0.2597779657356031	0.4432219225446268	-0.48842879968659414	0.0324100555879472	0.0016971707036745002
0.08329299884481701	0.1500521638986988	0.7621629059876461	-0.7864844543314691	0.13557819710320804	0.0016754695022989864
0.11059735840232598	0.27464781435377006	0.3796839906823881	-0.48870242722902657	0.1197513253693503	0.0017494936561663432
0.016988342336107687	0.35660630725557696	0.7426341843150561	-0.5340425941723121	0.13515173870998454	0.001643453376953899
0.12977239039014182	0.18118550738389347	0.6424987820744636	-0.5101726184525976	0.09912088284817762	0.0015822160691848347
0.05736654368621768	0.19253970127768827	0.28837259446059926	-0.762255839823722	0.08114534825381857	0.002056288518001608
0.018815797297433434	0.2793154447510783	0.8109394848941951	-0.8891544059001179	0.08806098713530376	0.001819704613012567
0.10088534963553433	0.11245241167452136	0.6537082619805626	-0.16318127142083938	0.07284392794205881	0.0016231555719626034
0.037995637540548216	0.22143322657634404	0.42892072501269424	-0.8762391636000781	0.054648807845933886	0.0020308508019103856
0.024065130893761028	0.14084800501928402	0.2213026291178598	0.33625902237217553	0.12325926160594727	0.0027034994089569506
0.010862926886125307	0.17905076554808308	0.4215842276173476	-0.230338345872097	0.11378912375041894	0.0019122938999010157
0.16728904912513196	0.41796763936519427	0.34487050046188583	-0.10245653068005556	0.08445073736380104	0.0019059490514716495
0.05340621366708831	0.13579023630135106	0.7846454779059396	-0.6000953968929373	0.10442683870431133	0.0016218446469722545
0.10856484967286237	0.17486015466688315	0.4989412777890777	-0.6712152940137979	0.10498031237578641	0.0017348270321805028
0.1072860429634456	0.310945336634379	0.3242370314455417	-0.3953284463632605	0.12163304012942501	0.001765584767947185
0.12309760194807576	0.3517733475245422	0.4611646057882671	-0.630164476444185	0.1147240015997203	0.0016779223742459453
0.07029654697782142	0.1690190255105257	0.9127346718999778	-0.6861177319712388	0.07278263265723092	0.001581046044896924
0.1334294151070071	0.1840574331667674	0.287043000690837	-0.03324502258568951	0.10411496270157738	0.001816621169705091
0.0073018060345830665	0.3938222146541842	0.66031920305639	-0.20004624783174751	0.1035009379707493	0.001783952884363216
0.11689352134095318	0.06651579224643059	0.7645533087198045	-0.4044881740156637	0.11734797520219507	0.0016560822490037995
0.016384553727033915	0.2211884545004691	0.7161913476125524	-0.8834692104626762	0.10430095260013797	0.0019058763893424464
0.027548773470527033	0.3037300154748427	0.33945379183179825	-0.03723965517710037	0.09334154407874774	0.0018497902933242107
0.04004432381192744	0.10573012340822818	0.7402561855332864	-0.5405228245183022	0.13380426402580634	0.0017223893807246922
0.05648466872115333	0.10130557522191412	0.20575091797847966	-0.7361508470270739	0.12805507204949146	0.0022127170361685863
0.14909589478270407	0.2268052740399927	0.45052188225644313	-0.31429809008576526	0.11145755031311025	0.0016569429482690837
0.07901518323909024	0.27890225846231687	0.22830661241556027	0.016322690233304016	0.07150878349755291	0.0018241937498850948
0.05181755966097343	0.23093587284005135	0.6699666788140373	-0.6238817259511981	0.09439796170348717	0.0016118465398507324
0.024307124920894645	0.26162713931571574	1.2116539695828685	-0.6079899259748669	0.14304478813981597	0.0018377377440976152
0.019352270613309318	0.16816629873437802	1.3994898823182849	-0.7099293787246744	0.10212223475230803	0.002788330852797378
0.04418340027138508	0.28107928976757046	0.8777589947380923	-0.8993533497353908	0.05765971730708889	0.0016841428517052168
0.09134376813166994	0.23618797766964872	0.28890742751622245	0.3982277559393357	0.10422142454354726	0.002565687351702713
0.11580252428669072	0.20219284858612122	1.1951712607724778	-0.4706943554791678	0.05133557538837914	0.0016362751168443738
0.023732255054960488	0.2566744158253634	1.868134639781227	-0.7832388975907816	0.1143587243555932	0.0054330944786278165
0.14236109402199038	0.1904294994848127	0.5035314441276757	-0.46157622195552134	0.0725878701991156	0.0016702649720924474
0.02795133496645441	0.24874843722626344	0.25436465526727176	-0.3045482800281867	0.07637059850238943	0.001981781322803397
0.08608336960979796	0.1456304025069752	1.0360304662101116	-0.4612757059019894	0.07435040596593429	0.0015162799035923129
0.1400445184475591	0.19148564916344846	0.5175879381419488	-0.44056557230612936	0.1309788250360343	0.0016648074084524714
0.047481885029606874	0.3233954742405194	0.767525326301828	-0.6193853549013864	0.12890073360765297	0.0015336993798063991
0.007988524189437837	0.361874292457964	0.5529166845911468	-0.3549468220361609	0.10129253336960772	0.0018204802262323733
0.09357345155438437	0.17507235266789797	0.45879770089429517	-0.4451506427195301	0.10470365504913205	0.0017182448683541896
0.08556427266599137	0.0999140396524193	0.557167019100141	-0.3411779291167709	0.08409362681971345	0.0017199502000051848
0.09968212432152854	0.15032021051925645	0.34808301970408206	-0.5300249858545084	0.12729414822070587	0.0018885592532940372
0.09162212734550271	0.15924457669000974	1.0475616743148328	-0.7100587187698474	0.07084419666490947	0.001540403932390277
0.17983411379935993	0.12470324364400687	0.2744055258429901	-0.7229544101767029	0.09049478453763884	0.0022570970220534793
0.062023591463456346	0.4268100865668989	0.2527045107006196	-0.04539776337270962	0.07101623517611785	0.002057218539471721
0.02418511843784471	0.1878583622724221	0.7986166138585685	-0.7327971328874023	0.1182957788506888	0.0017531270890124443
0.04622893865741923	0.17118251864351236	0.6260723654709347	-0.4529659538851929	0.11193044848671974	0.0016737431967407746
0.09551455790595245	0.18854548619674139	0.28116952624071767	0.35923455409941396	0.09274716235266972	0.0024863425210053126
0.06478225046805636	0.32069768657758624	0.8939773403526211	-0.9916620531798306	0.13856844153499998	0.0017006582204896579
0.14193069312432866	0.5484443242136916	0.9938396027879333	-0.6494411712333702	0.1082436929426315	0.003176429886915619
0.009255477152804698	0.1766928358724763	0.7162351529238916	-0.772619009232304	0.06618348878180735	0.0018829130486132195
0.037632951551623745	0.23761223746804183	0.3103154806213484	-0.13877432181203886	0.11918835355042547	0.0018874446152828224
0.044113674871721936	0.29391800300912496	1.0597809783466081	-0.7328981018166618	0.1310337141982069	0.0015334959428369194
0.037259412842475914	0.21207221267456824	0.5268333448753327	-0.1355679411142946	0.11018622352579482	0.0017177252105604454
0.17635441347065237	0.18802328560033016	0.38115928173809344	-0.33951326438253016	0.11811711843676041	0.0018816652891175637
0.07325187551152974	0.36151041631931913	1.2610687109234795	-0.5875547706424841	0.1312025478688125	0.0018334843143889019
0.07697122275097212	0.17887420984107769	0.2662364139781127	-0.27315422065650763	0.08851834880102367	0.0018793634492879686
0.03263065176147224	0.178048533838078	0.5897337181924105	-0.660791944548798	0.1101673687495511	0.0017988225834466398
0.002114315036539971	0.20328120304609598	0.7278262018953147	-0.5940530754918245	0.11604903035739572	0.0017808561511733717
0.06105644554503127	0.12767936359837967	0.30651558444990074	-0.2643784916115295	0.06508236174999524	0.0019466237923529163
0.031138937699673852	0.1701895740371239	1.4501669025113035	-0.8332367728210073	0.07164688813666953	0.0028980055161243316
0.08530023988004223	0.26312708603136714	0.6016753336590092	-0.5171171139522124	0.05286838332852876	0.0015699809986751323
0.04632521877129059	0.31462672402038244	0.2822373261876129	-0.24938052441477232	0.14277157867118323	0.0018517677409001024
0.12261500645380363	0.1895695840272911	0.5594574037286949	-0.8967687570067588	0.13298783054665986	0.0018253610676735314
0.12132840454071725	0.21126096837055913	0.7651275317614707	-0.40941960712760506	0.10630804406252492	0.0014971220310989288
0.1266490987292325	0.13465313557053177	0.28054138021565855	-0.02800921940601242	0.11210976593104682	0.0018772611385339854
0.03737268996535975	0.2610194515660566	0.29113299349335997	-0.18219836471456996	0.13735313923215606	0.0018989824306500523
0.10627612849132209	0.24148396947669654	0.5171828690836814	-0.23954829494076502	0.1047967110545144	0.0016156407322666668
0.08905575216909659	0.21520510953759367	0.6020086291731852	-0.5713116536928584	0.07972330593059639	0.0016047028451884125
0.021060800039637076	0.2718600307846881	0.3935987101880374	-0.7672024728903359	0.07753383435270575	0.002020267702255447
0.06954598248287583	0.0933802452136031	0.5191843421002558	-0.29505348729789715	0.11345203397958388	0.0017565546938370898
0.04291255817428728	0.09466222406405655	1.6801435930710054	-0.8402496341244718	0.13785754781995524	0.0043792990347622475
0.02370873859361669	0.25380158309920087	1.493805680353524	-0.5642734221620602	0.13966742174649202	0.0031004434303946934
0.027930508260733428	0.12479951169805253	1.4928798302343291	-0.7652294175271543	0.055004429504506354	0.0032547722349972608
0.17014597340257626	0.3232384380091452	0.3173789353340006	-0.638472581301767	0.11176767557951775	0.001870805077118572
0.1232216140285096	0.4389278522123328	0.9550923206406754	-0.35969301463664394	0.1160622487928782	0.001648511146415164
0.03409651821445096	0.2696493763495071	0.42714798780831087	-0.07027368603026507	0.07344706553064591	0.0017283933349876122
0.037848247670304064	0.19158668040634133	0.7005044793858721	-0.8815574806474435	0.05445205794335332	0.0018220848369927625
0.05068890059681	0.13556873523911442	0.5672505915600917	-0.5834908775654324	0.1320416902471104	0.0017670009771452039
0.05996489576220705	0.21093645987010406	0.7628676260049937	-0.9127984854330907	0.13646684993200917	0.0017192288857088866
0.0688768872779997	0.12520111232996212	0.32777450399693253	-0.6239828891452865	0.11409119546302621	0.0019748224687566344
0.07873464762212874	0.3069954028043963	0.6927068987982425	-0.5944207091281253	0.10644252121975475	0.0015231789898476017
0.05966215491770306	0.1847976955917979	1.738269056674636	-0.6969855512880374	0.10337234827847379	0.004187672064989766
0.11254227169541531	0.1120437702121418	0.49458697092520476	-0.17354554232341812	0.08793516887798479	0.0017298651640573345
0.028991457703727797	0.2739617452852328	0.3812025144587641	-0.1572189582765826	0.07756147767442509	0.0018238498543823635
0.13918129146661165	0.037049037541726115	0.39996947772031527	-0.2347975180368942	0.1267241381088515	0.002002353072529584
0.14421645994499452	0.1772405202869661	0.4603632475195481	-0.2838823626975082	0.10736820661769292	0.0016819170824832156
0.15166969207711475	0.19611207910516695	0.8661551957294092	-0.6650363336054606	0.10340781046221796	0.0014928621518086097
0.031682195929942925	0.25469118413639025	0.8661598394108678	-0.25666366498300675	0.07436868152538272	0.0015524636004980768
0.025427285669415337	0.18224917845213695	1.512411627984147	-0.7596795341501722	0.14193038732063512	0.0032015175206118757
0.15122308819731903	0.3611381750481961	0.5139954623791667	-0.35458896529063066	0.06116204682562754	0.001612336744507014
0.19770905767609573	0.12796286886078645	1.2392211090369292	-0.5333347939388822	0.1233941034910541	0.0024222515321197626
0.056319528301747024	0.147609276168584	0.3175201719756747	-0.5751711332116909	0.12029660861637699	0.0019741615442800658
0.15439301465417052	0.2618227647913567	0.27553801747591367	0.3163523933871297	0.08340414651512812	0.0022368240922422088
0.05836035234333897	0.2557433110624611	0.2893534488733718	-0.5108858256159502	0.10962156421088633	0.001877321890341136
0.06382309238840159	0.2345716779651413	0.8528645725512881	-0.8677046980692593	0.13218935085967315	0.001626270010236414
0.06877159177373757	0.2553478399485113	0.4081657547193959	-0.39225614973420697	0.07817335894736066	0.0017064749739880492
0.12687932571320476	0.2284450720797649	0.3986539982701879	-0.45593852357075226	0.06857714153989061	0.0017425800917216902
0.0824293773775435	0.22856505445435507	0.6080524782515122	-0.5974259247203615	0.05475585408239632	0.0016082742924574728
0.02354286086291879	0.26784106065986907	0.6736223535053085	-0.35319719732625043	0.12844217184300363	0.0016403865213529447
0.14166646924913498	0.12368850579524165	0.30338343342534557	-0.11264669844919639	0.13961499068000807	0.0019102600900044334
0.07481993339756005	0.2311213469257529	0.5794660037250507	-0.5528918651832462	0.06816093594989729	0.0016419287146032318
0.05188620097564689	0.12495948598610296	0.5050933489437776	-0.4643319665723215	0.05326957984585186	0.0018088556396323207
0.07140446807004913	0.248798624438681	0.9832571947711951	-0.8629400343642215	0.09081427939212952	0.0015785997480913393
0.06377034459646061	0.27758799032526144	0.5847165930969388	-0.28322770021728483	0.14165209126461323	0.001590951228376983
0.05355155369221791	0.23216887898451177	0.7570843963172964	-0.424198823898297	0.1423368154838501	0.001541381505830926
0.14786001892362483	0.4426029211227596	0.4439081382785105	-0.16887625312027854	0.10898095014988018	0.0019437638713512354
0.0889946641834145	0.11011891806982904	0.3440304940939735	-0.3140597930083502	0.1024828582463768	0.0019025583332500534
0.03211826814867725	0.084073263989009	0.3835301062981662	-0.1381798753642296	0.08971414587872807	0.001991976138791014
0.07291360504983121	0.4033577689981106	0.7653846090300837	-0.5027996138144344	0.13898284132206457	0.0015574244430709917
0.04863700237832906	0.20351838349271723	0.5252411313236719	-0.6748501826841848	0.13770193892520233	0.0017569013857827364
0.06741768138219764	0.0860830517715567	0.4425970432860161	-0.15796363472116814	0.09074572061125893	0.001810171475306012
0.0297579204759931	0.1093465564632442	0.20357638127275046	-0.4083100146913343	0.05800324796030528	0.002185661762390331
0.06542152612860007	0.18399498518991647	1.6734894708869814	-0.8945350857878328	0.10546954980660485	0.0038408671244573897
0.10897570089739816	0.17741404389463183	0.8417542486908901	-0.5246450580806195	0.05550220414407483	0.0015227510076344117
0.0643282457854921	0.22004071386928056	0.30067066044816826	-0.3842540446977375	0.11602707644326835	0.0018717003277777952
0.09644134992595921	0.30351921247792607	0.3609143660328747	0.07949958273796942	0.07604836922986823	0.001751322509435136
0.03992715811439024	0.2294093721969501	0.47003056821281	-0.3562008234964933	0.10606754756025646	0.001752020693596673
0.05268448295105037	0.1713063085093292	0.3701702676916103	-0.6052108809834219	0.08070456965534618	0.0019212151603981277
0.08061165367235751	0.22243505844545414	1.969808079213617	-0.820828827547097	0.08992688873487112	0.005423174038835183
0.14726265139448705	0.25033507806833366	0.9003655270103391	-0.5132623526585308	0.08859380730670303	0.0014425601023726655
0.18756425267045376	0.25584830905145234	0.24215839732575628	0.020308756363861535	0.055376531210199864	0.0021164708975482303
0.08282124429637222	0.2265833190429187	1.7944765501281656	-0.704024393570378	0.03784178509021159	0.004432832918959902
0.13451104154477508	0.08606327877540029	0.22759018669669762	-0.3281666789675789	0.05394274758177721	0.002013362307510497
0.06523954901351522	0.16357013518314642	0.33861809553962274	-0.22076110560128326	0.0795611013615599	0.0018653096044508827
0.1523034078425187	0.15477515273453687	0.9273300781341102	-0.6403376621858627	0.126711615501154	0.0015317451742987774
0.13183589466001705	0.07493105837176123	0.7502765894365069	-0.6354994617400598	0.10384755797693354	0.0016839393284823942
0.15804670119301265	0.287267859238512	0.547214076170344	-0.4980378591921124	0.05419342165781842	0.0015904611887055393
0.14370065711922445	0.2677441954195384	0.40664984951920014	-0.8032320567018812	0.11167398495099749	0.0018140429913896716
0.10625027803470119	0.18855013795645265	1.673625183018701	-0.5751076542630293	0.12219800776069902	0.003802027695037736
0.15882798494567993	0.2434036289389397	0.5152094669817364	-0.5038867784480636	0.10598002648060927	0.0016268062749840062
0.04280362333306571	0.38854071441208504	0.6103050776541205	-0.4072724134382071	0.14095421538742053	0.0016803450151850138
0.01662164188131353	0.3261181590716004	1.25234936005347	-0.6506699869301038	0.06823864702874995	0.0020268477204013007
0.0626787479342319	0.14555006318118882	0.9955571789273686	-0.7397620335397466	0.05415068290699919	0.0016111613261134423
0.008061676701635573	0.2543675103808959	0.3984524343493071	0.038811498517040466	0.14028943682531847	0.001911007375734187
0.1323693191049719	0.2513249201988192	0.37422705775377557	-0.38948909056236247	0.08816917564386823	0.0017437631049070973
0.1499994543740263	0.3379238288378013	0.5148474125087147	-0.5195133362434672	0.11266348787435723	0.001615677252326058
0.04432070103580596	0.26446434497963833	0.22458808045073841	0.35283996344310176	0.05516042905052006	0.0024665201807041173
0.04974923171867731	0.2914778522887195	0.7419685234004669	-0.3303903807988968	0.10775664790670539	0.0015258955752628647
0.06962653490739415	0.2806220641763061	1.208651849268431	-0.7189620161790119	0.06924699088170426	0.0017225179272585423
0.0745102050411123	0.1537918556004878	0.42849355837813374	0.08147554444409388	0.12124428324109301	0.0017792089897319195
0.041131527057300776	0.34010403088436236	0.9586430518935452	-0.5504994750257478	0.13480779341571197	0.0014956080519241365
0.09111506667123895	0.14652868401721314	0.869487143108699	-0.4893233384329722	0.1159954356417609	0.0015539574459791595
0.11917153326147698	0.2397172732686648	0.4310522077068515	-0.345285479667676	0.11866689048158278	0.0016756877843629168
0.050498252529447105	0.21214555271425078	0.6240052581167507	-0.9308078178927894	0.10401825566630718	0.0018668897440965524
0.013764961281705422	0.14080398046487372	0.22425167617118713	-0.19968117377914218	0.13926577335789916	0.0021608179116883943
0.03246437694122543	0.1556195165816215	1.5806364039176524	-0.7147339151476706	0.0995470304348969	0.003657770165029509
0.17003058214931416	0.37631687036372274	1.3610348814267441	-0.603509105261254	0.10010885429772957	0.002297967711214404
0.034082257468978985	0.16371188296515812	0.3710394250094859	-0.31084122945591575	0.10349706253010069	0.0019269036005360625
0.22718974999575353	0.14537830483219127	0.692239337506593	-0.2977683217359641	0.10386946689780645	0.0027164541378555053
0.15615176806709366	0.13563764124066582	0.5709939934129551	-0.6859004610402288	0.07531195693270284	0.001720941111634538
0.01306883391062251	0.2230927042127674	1.0564261750469555	-0.4870887388920975	0.11835574592173052	0.0016208050979834296
0.06475562491624653	0.1381427185705118	0.6533215513287919	-0.9380635506537932	0.1037323958009552	0.0018842672184662844
0.06474484763456519	0.23567428379424654	0.9461467943337988	-0.6333860427912619	0.06950078978592925	0.0015024787091915666
0.08717608356237369	0.3345466431100628	0.695691130666328	-0.5235554166574801	0.1040839933810136	0.0015069072645900834
0.022597893438623562	0.07605521062198756	0.7750951853320164	-0.5699329169253766	0.10092422996401598	0.0018249888501242473
0.10224654438344111	0.09256526051317751	0.33343255227234314	0.41998110771633845	0.08295743702440295	0.002834100874081264
0.14239066636503808	0.15870767369163427	0.4802238782188294	-0.6781682487067784	0.1407457278783402	0.0017781194229173232
0.16039224692260545	0.230639872395149	0.5766612389158824	0.18935312989605757	0.10688527951625955	0.0017645772920828072
0.04994471824544322	0.11760323616773566	0.9393861638339274	-0.7030907218437608	0.12064332709406828	0.0016633699357707745
0.17388463004480698	0.10672797978280169	0.9699971959487684	-0.5034251448135145	0.10964767634343657	0.0016671631039107226
0.0698320612616497	0.1781741401890637	0.44531147149060846	-0.6215073239070195	0.07982186523649414	0.0017690145254815788
0.14812733286944485	0.05835647407715833	0.32937132454248624	-0.32551840204043825	0.0912431205747321	0.0020057400549226352
0.03000380692426277	0.09458226233345138	0.2027163050222825	-0.0968005225613906	0.054159689079482536	0.0021226432231660746
0.12873516028577175	0.40249944543392213	0.6800930836131266	-0.5990093434180239	0.12095275072582798	0.0016166005363096882
0.09124578358282485	0.18653977883755302	0.8391862974232852	-0.8701180905789225	0.1340154803270359	0.0016406310996437497
0.019405082143191477	0.19714562744261155	0.8727523237708559	-0.45859560799566446	0.14085259119141902	0.0016580732845767707
0.05923682910296407	0.2099659768423341	0.8623041243740521	-0.5872842559260406	0.05422151589747977	0.001530973562011235
0.24499308145819085	0.19400345606707314	1.0618220021174842	-0.5114878072561126	0.14021102653202513	0.003145740209193094
0.14494316815083688	0.16543795994426425	1.459946570684866	-0.8321333188831498	0.05320062971332292	0.0027262190946889943
0.05548114109041463	0.2060705799222549	0.24204863757396627	-0.14643295513675691	0.14128180117020775	0.001899115242519025
0.04034314312635116	0.2983073907631442	0.4578069298137114	-0.7671877585825424	0.13499646368591373	0.0018333600143394548
0.2499829142490895	0.13898805902429662	1.2602793035483388	-0.5914230207816076	0.10680275213377818	0.004204094327709106
0.18831957338437827	0.066874677964057	1.4077366220329384	-0.623072886989599	0.11689884018627235	0.003259215320822861
0.05232976628632168	0.18879762838192274	0.7663934660790762	-0.38130532974309433	0.11044589607723704	0.0015424715706488731
0.03431604276022529	0.23671418146681847	0.2274511300525059	0.09569640837429438	0.10626017346310626	0.001979819284571039
0.04111866600255698	0.22309008183374246	0.2146592128681093	0.0019191333167527524	0.07422289720017922	0.001924323877214438
0.0069149416810016795	0.19082924856805797	0.2737716459038591	0.18167931348514998	0.10499172782035288	0.0022627526318619814
0.12693008726413543	0.23627880705275062	0.21246563776802563	0.7887271716540306	0.11544126730690538	0.005526729120680581
0.1732288974049805	0.3354507080548886	0.4613485379887029	-0.021968587075059	0.12969150993480047	0.0016622067427412106
0.25580232104362005	0.15737351234610772	0.7400491603102317	-0.7069171034398901	0.059363885957796694	0.0038600717145661186
0.0985395681945947	0.301206248213555	0.81016905742273	-0.5929388117369722	0.10910195818557605	0.0014798815091681314
0.12668432602565458	0.3879506152997711	0.22464736775657967	-0.029793153770145908	0.12617141867490547	0.0018534039864155415
0.07091660564723704	0.4294770608106898	0.2899766787617738	0.12640503924581648	0.1354679163981028	0.0021945709351664593
0.06543270523382232	0.08235347893575978	1.0913503251597296	-0.38991978069925093	0.10295991835084303	0.0015824826993204664
0.08901603103969544	0.2873930707992512	0.5953830145516993	-0.4282542554163441	0.09961775738644392	0.0015647235738731728
0.03936655193676958	0.17117768303779948	0.29522927036564506	-0.32506106263934087	0.11880774390084324	0.0019892212275107006
0.011382495164148437	0.3068009084958191	0.3236359845845388	-0.13644584892767453	0.11457175212270776	0.0019258311691248932
0.12431248238341627	0.4178277187363423	0.655736863937363	-0.48159023538099177	0.12746396423382006	0.0016888320780934607
0.02159502429514032	0.23289198604083347	0.24972059653066114	0.05727600120766296	0.05390950817475485	0.0020316981802229344
0.08524696404019666	0.21137111524326016	0.717535683554402	-0.19326916054768906	0.10959190607738956	0.001521597772516111
0.1383705668929676	0.33614275096277635	1.0066729911634882	-0.8572150311712772	0.11865017211717097	0.001485365419116247
0.010281470518655855	0.17910534258663324	0.5183758667948366	-0.0380352966885944	0.1040628460472007	0.0018217306652148916
0.021953440022729864	0.19170045713547335	0.4604780145666679	-0.5085138581121927	0.10498827466536097	0.0018767478336292234
