1 dataset_20190409_2 13 0.1 3.188759393527031
2 dataset_20190409_2 13 0.1 3.2459002414761398
3 dataset_20190409_2 13 0.1 3.3801405022353883
4 dataset_20190409_2 13 0.1 3.40652192302823
5 dataset_20190409_2 13 0.1 3.361396108305884
6 dataset_20190409_2 13 0.1 3.3446218706144952
7 dataset_20190409_2 13 0.1 3.2538232096336697
8 dataset_20190409_2 13 0.1 3.484503584962607
9 dataset_20190409_2 13 0.1 3.172822665243337
10 dataset_20190409_2 13 0.1 3.3257588776172065
11 dataset_20190409_2 13 0.1 3.251057160488022
12 dataset_20190409_2 13 0.1 3.174283296677501
13 dataset_20190409_2 13 0.1 3.440497772254285
14 dataset_20190409_2 13 0.1 3.1079798617785883
15 dataset_20190409_2 13 0.1 3.1825616045885767
16 dataset_20190409_2 13 0.1 3.3428781560564444
17 dataset_20190409_2 13 0.1 3.360691993610847
18 dataset_20190409_2 13 0.1 3.325847182602022
19 dataset_20190409_2 13 0.1 3.474353291085892
20 dataset_20190409_2 13 0.1 3.1307586679239363
21 dataset_20190409_2 13 0.1 3.2481064709058494
22 dataset_20190409_2 13 0.1 3.4678106653080647
23 dataset_20190409_2 13 0.1 3.2270243331259403
24 dataset_20190409_2 13 0.1 3.39231234499184
25 dataset_20190409_2 13 0.1 3.452858019169745
26 dataset_20190409_2 13 0.1 3.267518344873845
27 dataset_20190409_2 13 0.1 3.1778861294697514
28 dataset_20190409_2 13 0.1 3.152261616944343
29 dataset_20190409_2 13 0.1 3.405406502748598
30 dataset_20190409_2 13 0.1 3.3486348821240814
31 dataset_20190409_2 13 0.1 3.416083743260048
32 dataset_20190409_2 13 0.1 3.224872226994444
33 dataset_20190409_2 13 0.1 3.158160688439125
34 dataset_20190409_2 13 0.1 3.2528755874223747
35 dataset_20190409_2 13 0.1 3.1007845174925004
36 dataset_20190409_2 13 0.1 3.1731931731371943
37 dataset_20190409_2 13 0.1 3.4974704153117955
38 dataset_20190409_2 13 0.1 3.340455991376951
39 dataset_20190409_2 13 0.1 3.4650314498188624
40 dataset_20190409_2 13 0.1 3.1771211968023882
41 dataset_20190409_2 13 0.1 3.376117049009454
42 dataset_20190409_2 13 0.1 3.2582537517594736
43 dataset_20190409_2 13 0.1 3.268102945656909
44 dataset_20190409_2 13 0.1 3.216702805209998
45 dataset_20190409_2 13 0.1 3.150889743390044
46 dataset_20190409_2 13 0.1 3.1989912164346914
47 dataset_20190409_2 13 0.1 3.1668828093888046
48 dataset_20190409_2 13 0.1 3.1725692766988702
49 dataset_20190409_2 13 0.1 3.2171520630952952
50 dataset_20190409_2 13 0.1 3.3868919436592075
51 dataset_20190409_2 13 0.1 3.3468144707522045
52 dataset_20190409_2 13 0.1 3.194654284937601
53 dataset_20190409_2 13 0.1 3.292712257281399
54 dataset_20190409_2 13 0.1 3.280008101184783
55 dataset_20190409_2 13 0.1 3.417583059725087
56 dataset_20190409_2 13 0.1 3.22463993284091
57 dataset_20190409_2 13 0.1 3.0201830266727834
58 dataset_20190409_2 13 0.1 3.277233008037345
59 dataset_20190409_2 13 0.1 3.252689344916921
60 dataset_20190409_2 13 0.1 3.3088476959121658
61 dataset_20190409_2 13 0.1 3.3687207719753376
62 dataset_20190409_2 13 0.1 3.1918866513500648
63 dataset_20190409_2 13 0.1 3.6467930119740535
64 dataset_20190409_2 13 0.1 3.291742853912787
65 dataset_20190409_2 13 0.1 3.012663860993376
66 dataset_20190409_2 13 0.1 3.036494006117735
67 dataset_20190409_2 13 0.1 3.011527999938006
68 dataset_20190409_2 13 0.1 3.4010096951962274
69 dataset_20190409_2 13 0.1 3.1993878039943584
70 dataset_20190409_2 13 0.1 2.973641661808699
71 dataset_20190409_2 13 0.1 3.2070491893598314
72 dataset_20190409_2 13 0.1 3.1315136304870492
73 dataset_20190409_2 13 0.1 3.313027397826033
74 dataset_20190409_2 13 0.1 3.220120303818638
75 dataset_20190409_2 13 0.1 3.3250056313172154
76 dataset_20190409_2 13 0.1 3.225750409735215
77 dataset_20190409_2 13 0.1 3.187778923110785
78 dataset_20190409_2 13 0.1 3.1729094653656533
79 dataset_20190409_2 13 0.1 3.240139925466187
80 dataset_20190409_2 13 0.1 3.4128338701269927
81 dataset_20190409_2 13 0.1 3.2674851485380025
82 dataset_20190409_2 13 0.1 3.2729160793357055
83 dataset_20190409_2 13 0.1 3.2322551053087674
84 dataset_20190409_2 13 0.1 3.3013930990503417
85 dataset_20190409_2 13 0.1 3.2392996209380094
86 dataset_20190409_2 13 0.1 3.2916876283055188
87 dataset_20190409_2 13 0.1 3.1766339140505826
88 dataset_20190409_2 13 0.1 3.382805819521122
89 dataset_20190409_2 13 0.1 3.335233378004175
90 dataset_20190409_2 13 0.1 3.238291015347007
91 dataset_20190409_2 13 0.1 3.0169557604870993
92 dataset_20190409_2 13 0.1 3.1237977643463917
93 dataset_20190409_2 13 0.1 3.339425509360749
94 dataset_20190409_2 13 0.1 3.4110360232115213
95 dataset_20190409_2 13 0.1 3.0409943947466993
96 dataset_20190409_2 13 0.1 3.583394703886223
97 dataset_20190409_2 13 0.1 3.1029538485848733
98 dataset_20190409_2 13 0.1 3.174429125651898
99 dataset_20190409_2 13 0.1 3.136884925694745
100 dataset_20190409_2 13 0.1 2.998690676787302
