1 dataset_20190409_2 13 0.1 4.5131351350519076
2 dataset_20190409_2 13 0.1 4.15702128798903
3 dataset_20190409_2 13 0.1 4.100422722103095
4 dataset_20190409_2 13 0.1 4.364091925426191
5 dataset_20190409_2 13 0.1 4.763253045477702
6 dataset_20190409_2 13 0.1 4.128879002840392
7 dataset_20190409_2 13 0.1 4.161593590843731
8 dataset_20190409_2 13 0.1 4.662229304713001
9 dataset_20190409_2 13 0.1 4.238863248856752
10 dataset_20190409_2 13 0.1 4.106441776364038
11 dataset_20190409_2 13 0.1 4.245517704233274
12 dataset_20190409_2 13 0.1 4.354821540166661
13 dataset_20190409_2 13 0.1 4.049562477165482
14 dataset_20190409_2 13 0.1 4.270841425836856
15 dataset_20190409_2 13 0.1 4.649437064815958
16 dataset_20190409_2 13 0.1 4.060487009298631
17 dataset_20190409_2 13 0.1 4.082846273970006
18 dataset_20190409_2 13 0.1 4.5285700935072635
19 dataset_20190409_2 13 0.1 4.56018583822927
20 dataset_20190409_2 13 0.1 4.403142289451468
21 dataset_20190409_2 13 0.1 4.5931838696802725
22 dataset_20190409_2 13 0.1 4.339703034906201
23 dataset_20190409_2 13 0.1 4.188189741085373
24 dataset_20190409_2 13 0.1 4.06917931075759
25 dataset_20190409_2 13 0.1 4.40447154985924
26 dataset_20190409_2 13 0.1 4.844511802180639
27 dataset_20190409_2 13 0.1 4.37357985136449
28 dataset_20190409_2 13 0.1 4.835743125345605
29 dataset_20190409_2 13 0.1 4.1713952718700025
30 dataset_20190409_2 13 0.1 4.660929410027137
31 dataset_20190409_2 13 0.1 4.536819891782317
32 dataset_20190409_2 13 0.1 4.3109180542613235
33 dataset_20190409_2 13 0.1 4.50325116403128
34 dataset_20190409_2 13 0.1 4.389215982226686
35 dataset_20190409_2 13 0.1 4.22064155786949
36 dataset_20190409_2 13 0.1 4.0696530171491805
37 dataset_20190409_2 13 0.1 4.460335240585044
38 dataset_20190409_2 13 0.1 4.274766522715293
39 dataset_20190409_2 13 0.1 4.559627386560063
40 dataset_20190409_2 13 0.1 4.167294914773606
41 dataset_20190409_2 13 0.1 4.175999247831663
42 dataset_20190409_2 13 0.1 4.437159394355481
43 dataset_20190409_2 13 0.1 4.169691896015064
44 dataset_20190409_2 13 0.1 4.237908638653826
45 dataset_20190409_2 13 0.1 4.458951826265628
46 dataset_20190409_2 13 0.1 4.468907909380889
47 dataset_20190409_2 13 0.1 4.234498795787561
48 dataset_20190409_2 13 0.1 4.230900661965254
49 dataset_20190409_2 13 0.1 4.718216428157543
50 dataset_20190409_2 13 0.1 3.9774961789835293
51 dataset_20190409_2 13 0.1 4.671672879863319
52 dataset_20190409_2 13 0.1 4.2729815889917795
53 dataset_20190409_2 13 0.1 4.436219562171329
54 dataset_20190409_2 13 0.1 4.753405559650404
55 dataset_20190409_2 13 0.1 4.2599243659955315
56 dataset_20190409_2 13 0.1 4.304430815015968
57 dataset_20190409_2 13 0.1 4.132668749593988
58 dataset_20190409_2 13 0.1 4.389732253842066
59 dataset_20190409_2 13 0.1 4.481196444146725
60 dataset_20190409_2 13 0.1 4.675012289089283
61 dataset_20190409_2 13 0.1 4.304345906821215
62 dataset_20190409_2 13 0.1 4.193317652530773
63 dataset_20190409_2 13 0.1 4.426294073019976
64 dataset_20190409_2 13 0.1 4.427411115691673
65 dataset_20190409_2 13 0.1 4.06024689494307
66 dataset_20190409_2 13 0.1 4.348569079064607
67 dataset_20190409_2 13 0.1 4.354804568942637
68 dataset_20190409_2 13 0.1 4.14866393235567
69 dataset_20190409_2 13 0.1 4.298718194052128
70 dataset_20190409_2 13 0.1 4.757451353829184
71 dataset_20190409_2 13 0.1 4.463706398538612
72 dataset_20190409_2 13 0.1 4.358726272990583
73 dataset_20190409_2 13 0.1 4.361213966766156
74 dataset_20190409_2 13 0.1 4.8515784206270265
75 dataset_20190409_2 13 0.1 4.37413044486561
76 dataset_20190409_2 13 0.1 4.308117247254227
77 dataset_20190409_2 13 0.1 4.434464009855848
78 dataset_20190409_2 13 0.1 4.32334638186652
79 dataset_20190409_2 13 0.1 4.790794250498637
80 dataset_20190409_2 13 0.1 4.382678059743141
81 dataset_20190409_2 13 0.1 4.621891412502365
82 dataset_20190409_2 13 0.1 4.611754210383519
83 dataset_20190409_2 13 0.1 4.405834144938993
84 dataset_20190409_2 13 0.1 4.283766179205225
85 dataset_20190409_2 13 0.1 4.462039865430677
86 dataset_20190409_2 13 0.1 4.3412678382355345
87 dataset_20190409_2 13 0.1 4.5291550222028105
88 dataset_20190409_2 13 0.1 4.386504530293118
89 dataset_20190409_2 13 0.1 4.354407266866961
90 dataset_20190409_2 13 0.1 4.337716711995325
91 dataset_20190409_2 13 0.1 4.446612772173031
92 dataset_20190409_2 13 0.1 4.095930817742502
93 dataset_20190409_2 13 0.1 4.351411614927392
94 dataset_20190409_2 13 0.1 3.9811491918402084
95 dataset_20190409_2 13 0.1 4.4572737264102
96 dataset_20190409_2 13 0.1 4.3439724351466555
97 dataset_20190409_2 13 0.1 4.428322791599081
98 dataset_20190409_2 13 0.1 4.670572382890935
99 dataset_20190409_2 13 0.1 4.160100714053873
100 dataset_20190409_2 13 0.1 4.491223725152535
